3 0.6000000000000001 0.6685416666666666 0.48540625000000004 0.45616666666666666
3 0.7867812500000001 0.34152083333333333 0.045625 0.07541666666666667
0 0.25533593750000005 0.52134375 0.156734375 0.8179791666666666
0 0.4819453125 0.23706249999999998 0.017796875 0.041416666666666664
1 0.5087031250000001 0.35576041666666663 0.12293750000000002 0.19835416666666666
1 0.46315624999999994 0.38037499999999996 0.09928125 0.16408333333333333
1 0.5510468749999999 0.32157291666666665 0.1028125 0.1381875
1 0.7781093750000001 0.3352395833333333 0.05756250000000001 0.0546875
0 0.41718750000000004 0.24226041666666667 0.01959375 0.08077083333333333
1 0.6402421875000001 0.34538541666666667 0.034140625 0.0918125
1 0.611890625 0.38939583333333333 0.09525 0.18333333333333332
1 0.759703125 0.3452708333333333 0.06725 0.07954166666666666
2 0.7547421875000001 0.2259270833333333 0.10429687500000001 0.0824375
1 0.6175078125 0.3050833333333333 0.079078125 0.09720833333333333
