0 0.7951484375 0.70004662004662 0.012921875 0.03976689976689977
0 0.6906640625 0.6891608391608393 0.009640625 0.03752913752913753
0 0.6707890625 0.6922261072261071 0.010546875 0.03526806526806527
0 0.653625 0.6926806526806526 0.00796875 0.034125874125874124
0 0.640109375 0.6904778554778555 0.0074687500000000006 0.031538461538461536
0 0.5841953125 0.6916550116550115 0.013328125 0.04638694638694638
0 0.593484375 0.6936596736596737 0.00796875 0.03664335664335665
0 0.4156718750000001 0.6865734265734265 0.0054375000000000005 0.02344988344988345
0 0.366015625 0.6926456876456876 0.005562500000000001 0.028694638694638695
0 0.46092187500000004 0.6905011655011656 0.0054062500000000005 0.02505827505827506
0 0.49165624999999996 0.6853962703962703 0.0080625 0.02748251748251748
0 0.40502343749999997 0.6874358974358975 0.004953125 0.019766899766899767
0 0.4765 0.6746969696969697 0.0034062500000000004 0.016526806526806527
0 0.5125000000000001 0.6771561771561772 0.9437500000000001 0.09090909090909091
