2 0.649078125 0.6408782201405153 0.07328125 0.12793911007025763
2 0.0660703125 0.5679508196721311 0.130515625 0.16779859484777518
2 0.2802578125 0.5162412177985949 0.10920312500000001 0.1129976580796253
2 0.8945234375000001 0.48634660421545667 0.160484375 0.07644028103044496
2 0.44667187500000005 0.5095550351288056 0.0375625 0.05845433255269321
0 0.5757421875000001 0.5861943793911008 0.08692187500000001 0.41355971896955507
0 0.41082031250000006 0.592072599531616 0.066578125 0.31594847775175644
0 0.213109375 0.6040632318501171 0.0581875 0.3092037470725995
0 0.15587499999999999 0.5947775175644029 0.06775 0.3064168618266979
2 0.85565625 0.7181967213114755 0.20506250000000004 0.10482435597189695
2 0.256046875 0.4616510538641686 0.07734375 0.05238875878220141
2 0.4429218750000001 0.4799765807962529 0.0333125 0.025199063231850116
2 0.13775 0.47146370023419204 0.10071875 0.04330210772833723
0 0.7275390625 0.6225878220140515 0.075984375 0.34625292740046837
2 0.0785703125 0.4826346604215457 0.096046875 0.03206088992974239
2 0.31452343750000006 0.4870608899297424 0.047421875 0.07946135831381733
0 0.36845312500000005 0.5844145199063232 0.06440625 0.3388056206088993
2 0.027625 0.48008196721311475 0.05525 0.07065573770491804
