0 0.17535156250000003 0.587509727626459 0.013796875 0.02879377431906615
0 0.19242187500000002 0.5730155642023347 0.014156250000000002 0.040739299610894945
0 0.11171875 0.5851070038910506 0.013531250000000002 0.02134241245136187
0 0.6361796875 0.44495136186770423 0.406078125 0.4584241245136187
0 0.045359375 0.5563618677042802 0.009562500000000002 0.024941634241245136
0 0.1303203125 0.560739299610895 0.012859375000000001 0.028171206225680936
0 0.08384375000000001 0.5575875486381323 0.01740625 0.028715953307392995
0 0.8895937500000001 0.34130350194552533 0.0201875 0.05229571984435798
0 0.10113281250000002 0.5575875486381323 0.011453125000000001 0.03548638132295719
0 0.13780468750000002 0.5608268482490272 0.010671875 0.02916342412451362
0 0.1111640625 0.5577723735408562 0.014421875 0.030525291828793773
0 0.8596953125000001 0.341420233463035 0.021078125000000003 0.058365758754863814
0 0.45859375 0.47373540856031127 0.0390625 0.021400778210116732
