2 0.41385937500000003 0.5404880694143167 0.16046875000000002 0.1047939262472885
3 0.22332031250000003 0.5912472885032538 0.197796875 0.347180043383948
3 0.7882734375 0.5643275488069414 0.06460937500000001 0.1253579175704989
3 0.9128203125 0.5313991323210412 0.034140625 0.057201735357917574
0 0.218515625 0.5361279826464208 0.16271875000000002 0.28930585683297183
3 0.847375 0.5350759219088937 0.0219375 0.034880694143167024
3 0.9423046875000001 0.5251084598698482 0.015890625000000002 0.0296529284164859
3 0.9548515625 0.5213232104121476 0.015265625 0.025856832971800435
0 0.8458359375000001 0.5204338394793926 0.015640625000000002 0.034490238611713665
0 0.6233046875000001 0.5259219088937093 0.015171875000000001 0.06121475054229935
0 0.954734375 0.5061062906724512 0.014531250000000002 0.014468546637744035
0 0.7018125 0.5282321041214751 0.0088125 0.02921908893709328
0 0.788328125 0.5244577006507593 0.08375 0.12622559652928417
0 0.8250078125 0.48037960954446857 0.053984375 0.05906724511930586
3 0.9253046875 0.5392516268980477 0.005890625 0.01789587852494577
0 0.9791093750000001 0.5454772234273318 0.04178125 0.36856832971800435
0 0.9723671875000002 0.5154121475054231 0.006171875 0.03572668112798264
