3 0.33811718749999997 0.574519906323185 0.569734375 0.7269320843091335
3 0.6907421875 0.4752107728337237 0.251765625 0.5328571428571428
0 0.43778906250000005 0.4606791569086651 0.497765625 0.8988758782201405
0 0.7054140625 0.2951288056206089 0.298359375 0.5685245901639344
0 0.9248203125000002 0.2646370023419204 0.043171875 0.11639344262295083
0 0.9535 0.2756206088992974 0.029281249999999998 0.0935831381733021
0 0.8864687500000001 0.4652459016393443 0.07737500000000001 0.2020608899297424
0 0.8796171875 0.2646135831381733 0.031421875 0.10969555035128807
0 0.9849140625000001 0.28905152224824354 0.030171875 0.07407494145199063
0 0.5757578125 0.21823185011709603 0.036828125 0.0656440281030445
0 0.6140000000000001 0.24007025761124123 0.03315625 0.030070257611241217
