0 0.7047265625000001 0.3419742990654205 0.018671875 0.07422897196261681
0 0.9220859375 0.44504672897196257 0.033234375000000003 0.05873831775700934
0 0.7279140625 0.37973130841121494 0.03754687500000001 0.08904205607476634
0 0.6875781249999999 0.33108644859813086 0.03465625 0.0630607476635514
0 0.5405234375 0.16633177570093458 0.027109375000000005 0.1261682242990654
0 0.11752343750000001 0.15251168224299066 0.024953125000000003 0.11231308411214952
0 0.2514921875 0.11917056074766354 0.037203125 0.060864485981308405
0 0.48159375 0.14393691588785046 0.018 0.06320093457943925
0 0.841234375 0.3306425233644859 0.029249999999999998 0.07081775700934578
0 0.9462187500000001 0.5312032710280373 0.05821875 0.22712616822429904
0 0.65196875 0.5233878504672896 0.04390625000000001 0.16635514018691588
0 0.900421875 0.5321962616822429 0.041375 0.19794392523364485
0 0.558234375 0.1739252336448598 0.02840625 0.11168224299065418
0 0.49531250000000004 0.2757009345794392 0.671875 0.35514018691588783
