3 0.5381953125 0.6258536585365854 0.085828125 0.1213240418118467
3 0.41911718750000004 0.6340940766550524 0.16542187500000002 0.14937282229965157
3 0.608359375 0.6426655052264808 0.07496875 0.07104529616724739
3 0.7301640625000001 0.6340505226480836 0.092640625 0.07768292682926829
3 0.6362734375 0.6328919860627178 0.045015625000000004 0.09121951219512195
0 0.8677656250000001 0.6086759581881533 0.033281250000000005 0.1378397212543554
0 0.342484375 0.6002787456445993 0.06146875000000001 0.14198606271777003
0 0.3782265625000001 0.5725871080139373 0.035015625 0.0755574912891986
0 0.4345859375 0.592465156794425 0.042984375000000005 0.10329268292682926
0 0.6817968750000001 0.6056794425087108 0.0365 0.11700348432055749
2 0.7905859375000001 0.8696428571428572 0.38670312500000004 0.2144425087108014
0 0.10292187500000001 0.558719512195122 0.05059375000000001 0.06649825783972126
0 0.790828125 0.604451219512195 0.030718750000000003 0.12388501742160278
0 0.82896875 0.602212543554007 0.0383125 0.1469686411149826
0 0.29281250000000003 0.6057839721254354 0.05031250000000001 0.15358885017421603
3 0.10101562500000001 0.6680836236933798 0.07296875000000001 0.1662717770034843
3 0.6451796875 0.603301393728223 0.019578125000000002 0.035905923344947736
0 0.6145546875000001 0.5693728222996516 0.012734375000000001 0.020662020905923343
0 0.21068750000000003 0.6259756097560976 0.10131250000000001 0.21958188153310107
3 0.2644609375 0.6481968641114982 0.047078125 0.10663763066202091
3 0.40009375 0.6528658536585366 0.029312500000000005 0.07144599303135889
0 0.528953125 0.5746602787456446 0.01634375 0.02416376306620209
0 0.47578125000000004 0.5792682926829268 0.9515625000000001 0.18292682926829268
