2 0.9233515625 0.46645833333333336 0.042640625 0.050333333333333334
0 0.47190624999999997 0.6410104166666667 0.094375 0.4404375
0 0.11471875000000001 0.5262916666666667 0.0234375 0.10333333333333333
0 0.1394609375 0.5325416666666666 0.025796875000000004 0.1175
0 0.1662734375 0.5241250000000001 0.023359375 0.10583333333333332
0 0.0815078125 0.5311041666666667 0.029546875 0.11895833333333333
0 0.057406250000000006 0.5071666666666667 0.0200625 0.05616666666666667
0 0.03203906250000001 0.5386979166666667 0.028140625000000002 0.12772916666666667
0 0.01003125 0.5451145833333333 0.019500000000000003 0.14147916666666666
0 0.3841484375 0.62965625 0.105109375 0.4204375
0 0.22423437499999999 0.6474270833333333 0.10390625 0.4596458333333333
0 0.84909375 0.6878229166666666 0.136 0.6243541666666667
0 0.9389609375 0.6628645833333332 0.12076562500000002 0.6415624999999999
