2 0.3674296875 0.5872626931567329 0.130421875 0.13708609271523178
2 0.5967343749999999 0.5801655629139073 0.11803125000000002 0.12876379690949227
2 0.5649765625 0.5606622516556291 0.101828125 0.11620309050772627
2 0.384921875 0.5364569536423841 0.12087500000000001 0.1191832229580574
2 0.47142968749999997 0.5162913907284769 0.054703125 0.07298013245033114
2 0.492609375 0.4976600441501104 0.041093750000000005 0.055408388520971304
2 0.5278359375 0.4819867549668874 0.027171875 0.034083885209713026
2 0.4069921875 0.5295033112582782 0.100953125 0.12677704194260486
2 0.4580078125 0.5351434878587196 0.026140625 0.08362030905077263
2 0.48438281250000004 0.4668432671081678 0.055890625000000006 0.03584988962472406
2 0.5883906250000001 0.4908609271523178 0.09034375 0.054966887417218536
