1 0.8289140625 0.4493333333333333 0.148734375 0.16111111111111112
1 0.432921875 0.25772222222222224 0.037687500000000006 0.19649999999999998
1 0.0146953125 0.128 0.024609375000000003 0.07272222222222223
2 0.49025 0.12208333333333335 0.0936875 0.07644444444444444
3 0.31982031250000004 0.2933888888888889 0.31839062500000004 0.5591111111111111
3 0.5473281249999999 0.5 0.6547812500000001 1.0
3 0.2520390625 0.22833333333333336 0.26020312500000004 0.4566666666666667
0 0.086890625 0.11425000000000002 0.03209375 0.13072222222222224
0 0.8319375000000001 0.17016666666666666 0.11175 0.2046111111111111
0 0.110375 0.107625 0.028000000000000004 0.14097222222222222
0 0.6486171875000001 0.12445833333333334 0.017765625 0.08719444444444445
0 0.665578125 0.1208888888888889 0.00821875 0.07444444444444445
0 0.6970468750000001 0.11572222222222221 0.023281250000000003 0.06683333333333333
0 0.13100781250000001 0.10615277777777778 0.021015625 0.12880555555555556
0 0.42456250000000006 0.17423611111111115 0.057531250000000006 0.2595277777777778
0 0.15346875000000001 0.07291666666666667 0.030875000000000003 0.06272222222222222
0 0.5267265625 0.08788888888888889 0.010921875000000001 0.024388888888888887
0 0.0946484375 0.10637500000000001 0.014359375 0.12019444444444445
0 0.7484375000000001 0.1476388888888889 0.0303125 0.11133333333333334
1 0.1726484375 0.17322222222222222 0.065734375 0.10333333333333335
1 0.7149375 0.1562222222222222 0.04528125 0.05427777777777778
1 0.15481250000000002 0.1537361111111111 0.03671875 0.06341666666666666
1 0.7472578125 0.16426388888888888 0.048796875 0.08202777777777778
0 0.10028125000000002 0.08597222222222223 0.009750000000000002 0.07166666666666667
1 0.6607421875 0.14036111111111113 0.046140625000000005 0.06416666666666668
0 0.38593750000000004 0.09861111111111112 0.671875 0.04722222222222222
