0 0.7566171875000001 0.8455104166666667 0.037859375 0.08372916666666666
0 0.8530546874999999 0.81075 0.024015625 0.07012499999999999
0 0.9333359374999999 0.7872812499999999 0.011421875 0.04422916666666667
0 0.959640625 0.7741041666666666 0.01028125 0.03725
0 0.77528125 0.8224374999999999 0.025968750000000002 0.07616666666666667
0 0.9498906250000001 0.7766875 0.0080625 0.027375
0 0.6068203125 0.8299166666666666 0.013453125 0.027999999999999997
0 0.7005078125000002 0.8146041666666667 0.032921875 0.08325
0 0.6497656250000001 0.8216249999999999 0.006937500000000001 0.027791666666666666
0 0.82490625 0.8069895833333334 0.012687499999999999 0.05247916666666667
0 0.9837109374999999 0.8835833333333333 0.032578125000000006 0.2
0 0.8809453125 0.8074374999999999 0.021921875 0.080125
0 0.73321875 0.8108854166666667 0.0169375 0.0486875
0 0.8875000000000001 0.8166666666666667 0.171875 0.11666666666666667
