2 0.2182 0.5961733333333333 0.0282 0.04008
3 0.25085999999999997 0.6229466666666666 0.014320000000000001 0.036026666666666665
0 0.48961000000000005 0.7898799999999999 0.36910000000000004 0.3887733333333333
0 0.1543 0.80136 0.30452 0.38992
0 0.57947 0.4512933333333334 0.048420000000000005 0.14477333333333334
0 0.91913 0.9080133333333333 0.16174000000000002 0.17528
4 0.36581 0.5858266666666666 0.07566 0.14264
4 0.8403700000000001 0.7015733333333334 0.31926 0.19370666666666667
2 0.31972999999999996 0.6071466666666666 0.025660000000000002 0.040266666666666666
2 0.19282 0.5819466666666667 0.02312 0.03930666666666666
2 0.29722 0.5786533333333334 0.02652 0.02877333333333333
0 0.53867 0.6113333333333333 0.02274 0.032266666666666666
0 0.25264000000000003 0.59792 0.014920000000000001 0.038079999999999996
0 0.42831 0.6022533333333333 0.0077 0.0244
