0 0.2904609375 0.6259905660377358 0.18601562500000002 0.5143396226415095
0 0.31428125000000007 0.5400235849056604 0.040093750000000004 0.08108490566037736
0 0.59396875 0.5948113207547169 0.54184375 0.8094339622641509
0 0.8885859375000001 0.7612735849056603 0.146328125 0.47745283018867923
0 0.17611718750000002 0.6764622641509433 0.29526562500000003 0.6199056603773584
0 0.9698203125000001 0.7780188679245282 0.06035937500000001 0.4439622641509434
0 0.7981015625000001 0.5783726415094339 0.040171875 0.10367924528301886
0 0.1079609375 0.8530896226415094 0.215921875 0.2938207547169811
0 0.788953125 0.7020990566037736 0.20378125 0.39688679245283015
0 0.37250781250000004 0.5815212264150943 0.031359375 0.052948113207547165
