0 0.5551171874999999 0.5923333333333333 0.046671875 0.03933333333333333
0 0.36424218750000004 0.5581770833333334 0.031984375 0.02677083333333333
0 0.662375 0.5836145833333333 0.04278125 0.03747916666666666
0 0.154984375 0.5451041666666667 0.033531250000000005 0.06683333333333333
0 0.32128125 0.5499062499999999 0.030125000000000002 0.05027083333333333
0 0.29490625 0.5576770833333333 0.02865625 0.036229166666666666
0 0.26782812500000003 0.5638020833333334 0.0231875 0.0275625
0 0.6626953125 0.5808437499999999 0.07545312500000001 0.028770833333333332
0 0.35133593750000003 0.5601666666666668 0.03282812500000001 0.029833333333333333
0 0.529609375 0.5817916666666666 0.01609375 0.03170833333333333
0 0.4655625 0.5440937499999999 0.027125 0.1345208333333333
