2 0.5996953125000001 0.5930625 0.048390625 0.022833333333333334
2 0.6800156250000001 0.5933645833333333 0.047625 0.0278125
2 0.823828125 0.5951770833333333 0.038437500000000006 0.017729166666666667
2 0.5328984375 0.5950520833333334 0.05460937500000001 0.023770833333333335
2 0.9281796875000001 0.5960208333333332 0.033015625 0.01775
2 0.9897421875000001 0.5943229166666666 0.020515625000000003 0.015104166666666667
2 0.7723593750000001 0.5957604166666667 0.036687500000000005 0.017604166666666664
2 0.34583593749999997 0.587125 0.073390625 0.038
0 0.3163046875 0.6994583333333333 0.042109375000000004 0.09679166666666666
0 0.10546875 0.5838541666666667 0.013031250000000001 0.030541666666666665
0 0.6328671875 0.6144166666666667 0.014765625 0.024708333333333332
2 0.6377890625 0.5950208333333333 0.035265625 0.01983333333333333
2 0.7255 0.596625 0.04025000000000001 0.021291666666666667
2 0.8812421875 0.5943541666666667 0.030296875 0.021541666666666667
0 0.317984375 0.61965625 0.01184375 0.02422916666666667
0 0.624421875 0.6201145833333334 0.00834375 0.01872916666666667
2 0.9580859374999999 0.5961875 0.023953125000000002 0.016958333333333336
