0 0.36103125 0.46104460093896715 0.023531250000000004 0.09664319248826292
0 0.240515625 0.14907276995305163 0.01178125 0.057018779342723
0 0.17160156250000003 0.1388849765258216 0.011015625000000001 0.04969483568075118
0 0.1484453125 0.09841549295774647 0.018484375 0.05190140845070423
0 0.2120078125 0.10498826291079813 0.012828125000000003 0.04706572769953052
0 0.9334843749999999 0.2425586854460094 0.017718750000000002 0.06741784037558686
0 0.9459765625 0.2519131455399061 0.018765625 0.08326291079812206
0 0.25839062500000004 0.11402582159624414 0.01103125 0.053732394366197186
0 0.2369375 0.09035211267605633 0.014843750000000001 0.0560093896713615
0 0.6117734375000001 0.24268779342723004 0.014953125000000001 0.05842723004694836
0 0.5930625 0.24705399061032862 0.01775 0.0769718309859155
0 0.9839765625000001 0.32768779342723003 0.020671875000000003 0.020164319248826293
0 0.4975859375000001 0.4086971830985916 0.05304687500000001 0.09781690140845072
0 0.38671875 0.18309859154929578 0.3921875 0.26291079812206575
