0 0.48757 0.8200883838383839 0.01498 0.03446969696969698
0 0.7482 0.8692929292929293 0.01932 0.02212121212121212
0 0.61846 0.7943055555555557 0.01676 0.022651515151515155
0 0.97175 0.7642045454545455 0.02002 0.034873737373737376
0 0.03913 0.8857323232323233 0.04046 0.0744949494949495
0 0.07566 0.8033964646464649 0.00836 0.03780303030303031
0 0.45630000000000004 0.8300000000000001 0.01136 0.014848484848484849
0 0.010629999999999999 0.7873484848484849 0.0157 0.030757575757575758
0 0.04501000000000001 0.8036868686868688 0.009980000000000001 0.03494949494949495
0 0.6574300000000001 0.7948106060606062 0.00846 0.019823232323232323
0 0.63366 0.771969696969697 0.0126 0.013333333333333336
0 0.46238 0.776540404040404 0.017 0.021161616161616166
0 0.5883700000000001 0.7754545454545455 0.010220000000000002 0.015505050505050506
0 0.425 0.768939393939394 0.314 0.05303030303030303
