0 0.3987887323943663 0.39482000000000006 0.7722816901408451 0.7280800000000001
0 0.14825352112676055 0.2575 0.1956056338028169 0.1138
0 0.298943661971831 0.2609 0.10453521126760563 0.11076000000000001
0 0.1423661971830986 0.19644 0.2810704225352113 0.22948
0 0.3052394366197183 0.05621 0.11295774647887324 0.1093
0 0.09494366197183099 0.048310000000000006 0.1835774647887324 0.09662000000000001
0 0.060000000000000005 0.53722 0.12000000000000001 0.60988
0 0.676774647887324 0.09777 0.309943661971831 0.19554
0 0.9423661971830987 0.18613 0.1151549295774648 0.1495
0 0.7655211267605634 0.22601 0.25661971830985914 0.0841
