0 0.47780468750000005 0.6338541666666666 0.109546875 0.5572916666666666
0 0.1773828125 0.4471458333333333 0.035078125 0.18070833333333333
0 0.8507109375000002 0.29642708333333334 0.028453125000000003 0.030520833333333334
0 0.09540625 0.315875 0.029937500000000002 0.042291666666666665
0 0.20783593750000004 0.39645833333333336 0.03673437500000001 0.03995833333333333
0 0.25356249999999997 0.4365 0.048093750000000005 0.11091666666666666
0 0.27757031249999997 0.4270625 0.040359375 0.09608333333333333
0 0.7134296875000001 0.3386458333333333 0.020484375 0.0235
0 0.7885625 0.33628125000000003 0.02865625 0.025854166666666668
0 0.6471796875 0.3281041666666667 0.024296875000000002 0.045000000000000005
0 0.18196875 0.18874999999999997 0.0208125 0.04895833333333333
0 0.1971796875 0.21210416666666668 0.026859375000000005 0.04066666666666666
0 0.6829296875 0.28393749999999995 0.030734375000000005 0.05275
0 0.49921875000000004 0.26145833333333335 0.9984375000000001 0.5229166666666667
