0 0.25725781249999996 0.5119086651053864 0.244484375 0.4019906323185012
0 0.263359375 0.37311475409836065 0.10140625000000002 0.20515222482435597
0 0.6252031250000001 0.44269320843091337 0.08096875 0.4134894613583138
0 0.8740859375 0.37190866510538645 0.10795312500000001 0.28091334894613584
0 0.8443359375 0.6190515222482437 0.15957812500000002 0.43266978922716626
0 0.8033984375 0.387576112412178 0.06851562500000001 0.26311475409836066
0 0.035171875000000005 0.39063231850117097 0.07034375000000001 0.2852927400468384
0 0.13025781250000001 0.4792388758782201 0.07514062500000002 0.39187353629976585
0 0.7652578125 0.3913583138173302 0.06248437500000001 0.254847775175644
0 0.5418671875000001 0.45677985948477756 0.084953125 0.39538641686182674
