0 0.3037265625 0.6652810304449649 0.168359375 0.3251288056206089
0 0.16118750000000004 0.6436065573770492 0.24700000000000003 0.4058548009367682
0 0.8124296875000001 0.4145081967213115 0.085453125 0.16030444964871196
0 0.039429687500000005 0.36517564402810304 0.011421875 0.021405152224824357
0 0.1524765625 0.34215456674473066 0.006265625 0.022669789227166275
0 0.804859375 0.26953161592505853 0.022156250000000002 0.02426229508196721
0 0.18327343750000002 0.3078454332552693 0.007890625 0.016721311475409836
0 0.24813281250000002 0.2842740046838408 0.019484375 0.029203747072599533
0 0.8507031250000001 0.2323536299765808 0.015062500000000001 0.027283372365339578
0 0.2557109375 0.3993208430913349 0.028546875 0.08515222482435597
0 0.381421875 0.5421077283372365 0.17284375000000002 0.43882903981264637
0 0.14808593750000001 0.3314988290398126 0.009328125 0.0253864168618267
0 0.9181640625 0.2790046838407494 0.014359375 0.019648711943793914
0 0.49921875000000004 0.2716627634660422 0.9984375000000001 0.36533957845433257
