2 0.194 0.7584080717488789 0.0645 0.09887892376681615
2 0.3295546875 0.6485313901345291 0.059296875000000006 0.09096412556053812
0 0.6271875 0.7921300448430494 0.12371875000000002 0.38426008968609865
0 0.6849609375000001 0.7847982062780269 0.076390625 0.4280269058295964
0 0.785140625 0.726670403587444 0.05453125 0.28661434977578476
0 0.8382890625 0.7582062780269058 0.073234375 0.2933183856502242
0 0.377609375 0.6973878923766815 0.041281250000000005 0.21818385650224215
0 0.2900859375 0.6728923766816144 0.040796875 0.15412556053811657
0 0.18890625 0.6385874439461884 0.042156250000000006 0.08439461883408071
0 0.7089921875 0.7488789237668161 0.049828125 0.33995515695067263
0 0.749703125 0.7469730941704037 0.05450000000000001 0.30403587443946184
0 0.48992187500000006 0.655347533632287 0.029031249999999998 0.11625560538116592
0 0.1326875 0.817713004484305 0.08546875000000001 0.3539461883408072
0 0.1906328125 0.6082062780269059 0.021671875 0.03506726457399103
2 0.14292968749999999 0.6897757847533632 0.152171875 0.12358744394618833
0 0.5808046875 0.7281614349775785 0.049296875000000004 0.2611210762331838
0 0.31953125000000004 0.7903587443946188 0.5921875 0.4147982062780269
