0 0.9509921875 0.1980186721991701 0.086703125 0.2054149377593361
0 0.90628125 0.5355186721991702 0.18309375000000003 0.73149377593361
0 0.8290937500000001 0.42683609958506225 0.13146875 0.6129253112033195
0 0.7205625 0.1992738589211618 0.10946875 0.15514522821576765
0 0.5287578125000001 0.1811929460580913 0.08995312500000001 0.13553941908713693
0 0.482796875 0.1607780082987552 0.07975 0.1395643153526971
0 0.618578125 0.17078838174273858 0.0896875 0.148298755186722
0 0.8873203125 0.14697095435684648 0.067234375 0.1371369294605809
0 0.5807968750000001 0.1488692946058091 0.061875000000000006 0.140850622406639
0 0.5305390625 0.12269709543568465 0.048015625000000006 0.08526970954356847
0 0.04072656250000001 0.28929460580912864 0.08145312500000002 0.3137344398340249
0 0.09302343750000001 0.2728734439834025 0.14579687500000002 0.303298755186722
0 0.6726328125000001 0.16933609958506224 0.064265625 0.16398340248962656
0 0.49921875000000004 0.3682572614107884 0.9984375000000001 0.7365145228215768
