1 0.4948203125 0.6737934560327199 0.48804687500000005 0.5385480572597138
4 0.8605703125 0.5011247443762782 0.278859375 0.9977505112474438
0 0.476046875 0.5003783231083845 0.21025000000000002 0.7830061349693253
0 0.6021796875000001 0.16795501022494888 0.106671875 0.3232310838445808
0 0.3965546875 0.18366053169734153 0.143578125 0.36241308793456034
0 0.09325781250000001 0.16411042944785278 0.050484375000000005 0.22507157464212682
0 0.042523437500000004 0.16875255623721883 0.06501562500000001 0.2150511247443763
0 0.9488359375000001 0.21121676891615543 0.10232812499999999 0.42243353783231086
0 0.1154765625 0.16640081799591006 0.08882812500000001 0.21885480572597138
2 0.8363359375 0.15089979550102253 0.32351562500000003 0.29055214723926387
