1 0.8829400000000001 0.6899566473988439 0.01572 0.0627456647398844
2 0.7801400000000001 0.6677023121387282 0.10004 0.10523121387283235
0 0.85333 0.6625 0.032780000000000004 0.11424855491329479
0 0.90557 0.6657225433526012 0.02906 0.12387283236994219
0 0.9555400000000001 0.6530924855491329 0.039200000000000006 0.10751445086705202
0 0.8839600000000001 0.6557947976878612 0.024280000000000003 0.11054913294797687
0 0.9259700000000001 0.6581791907514452 0.02602 0.1260115606936416
0 0.055420000000000004 0.6517630057803468 0.02092 0.07890173410404624
0 0.82356 0.6217341040462427 0.01484 0.06104046242774566
0 0.37845999999999996 0.5966184971098266 0.016800000000000002 0.02791907514450867
1 0.9239499999999999 0.690028901734104 0.0103 0.0583815028901734
2 0.6237400000000001 0.6419942196531793 0.0426 0.01797687861271676
0 0.35061000000000003 0.5948843930635838 0.0107 0.027341040462427746
0 0.81428 0.6210549132947977 0.011960000000000002 0.05216763005780347
1 0.94729 0.6863872832369942 0.016579999999999998 0.07462427745664739
1 0.8579800000000001 0.6959682080924855 0.012039999999999999 0.05326589595375722
2 0.6786000000000001 0.6711416184971098 0.09568000000000002 0.1065028901734104
0 0.50042 0.6001734104046242 0.012240000000000001 0.030346820809248554
0 0.97757 0.6232658959537571 0.02494 0.04705202312138729
