2 0.837171875 0.5397708333333333 0.1086875 0.0765
2 0.382328125 0.5540833333333333 0.08353125 0.07320833333333333
2 0.1706171875 0.5581354166666668 0.079515625 0.07622916666666667
2 0.9790000000000001 0.5440729166666667 0.042 0.05172916666666666
0 0.8995859375 0.5471979166666667 0.036671875 0.12997916666666667
0 0.143921875 0.5293229166666666 0.026500000000000003 0.0541875
2 0.8215234375 0.5181770833333333 0.07695312500000001 0.04139583333333333
2 0.9693203125000001 0.5324791666666666 0.06135937500000001 0.05679166666666667
0 0.486796875 0.5965104166666666 0.29821875000000003 0.41172916666666665
0 0.0816796875 0.5421458333333333 0.028203125000000002 0.08591666666666667
0 0.10900781250000001 0.5497604166666666 0.04170312500000001 0.08247916666666667
2 0.3402421875 0.5420625 0.082828125 0.059166666666666666
