0 0.6305625000000001 0.34347916666666667 0.14403125000000003 0.416875
0 0.8174140625 0.5719166666666666 0.36404687500000005 0.8292083333333333
0 0.59628125 0.16914583333333333 0.06121875 0.18391666666666667
0 0.7440703125000001 0.2582083333333333 0.090921875 0.39025
0 0.5294375 0.18560416666666668 0.078375 0.18883333333333333
0 0.225046875 0.30485416666666665 0.08225 0.44591666666666663
0 0.033554687500000006 0.18925 0.06710937500000001 0.24833333333333332
0 0.9416328125000002 0.26621875 0.11664062500000001 0.3002708333333333
0 0.8584609375 0.15647916666666667 0.043859375000000006 0.10479166666666666
0 0.6967734375000001 0.1640625 0.025109375000000003 0.07200000000000001
0 0.5345468750000001 0.6313333333333334 0.3851875 0.7373333333333334
0 0.121296875 0.3486666666666667 0.120125 0.5205416666666667
0 0.19984375 0.0991875 0.06221875 0.088625
