0 0.4249453125 0.538027139874739 0.115390625 0.5678288100208768
0 0.17239843750000003 0.6044885177453027 0.20014062500000002 0.6247181628392484
0 0.6491484375000001 0.5404801670146137 0.106015625 0.5398329853862212
0 0.32896875000000003 0.5830793319415448 0.10259375 0.5438204592901879
0 0.34740625 0.32461377870563674 0.1050625 0.17223382045929017
0 0.2707109375 0.5317745302713986 0.096671875 0.5602922755741127
0 0.574359375 0.5561795407098121 0.1295 0.5505636743215031
0 0.4766796875 0.3510020876826722 0.047109375 0.10434237995824633
0 0.4982578125 0.611242171189979 0.12289062500000002 0.48173277661795405
0 0.8839062499999999 0.4039979123173277 0.022375000000000003 0.037724425887265135
0 0.9093203124999999 0.4053653444676409 0.019265625 0.0431732776617954
