0 0.10971093750000001 0.5157377049180328 0.112484375 0.4780327868852459
0 0.5986640625 0.5998946135831381 0.146078125 0.3205386416861827
0 0.7296875 0.49605386416861824 0.49550000000000005 0.984192037470726
0 0.051390625 0.5105854800936768 0.09596875 0.48473067915690865
2 0.1747578125 0.4866393442622951 0.039203125000000005 0.06995316159250586
2 0.37454687500000006 0.5009718969555036 0.07906250000000001 0.0617096018735363
0 0.2723671875 0.613536299765808 0.22157812500000001 0.39765807962529276
0 0.48151562500000006 0.4445081967213115 0.01128125 0.02423887587822014
0 0.4103671875000001 0.43960187353629976 0.015734375000000002 0.034660421545667446
2 0.500203125 0.49539812646370024 0.14125000000000001 0.09046838407494145
2 0.009859375000000002 0.5037704918032787 0.019093750000000003 0.06594847775175644
2 0.42263281250000007 0.48703747072599535 0.07357812500000001 0.06423887587822014
6 0.501125 0.48846604215456674 0.14012500000000003 0.08288056206088994
