0 0.1829140625 0.66403981264637 0.23389062500000002 0.5685480093676816
0 0.356578125 0.43552693208430915 0.021562500000000002 0.060608899297423885
0 0.7274765625 0.33263466042154566 0.016390625000000002 0.07309133489461359
0 0.754828125 0.3234894613583138 0.015875 0.06866510538641686
0 0.8187031250000001 0.3004683840749415 0.014937500000000001 0.06557377049180328
0 0.42836718749999997 0.437599531615925 0.020140625000000002 0.05065573770491803
0 0.9176093750000001 0.3074004683840749 0.017937500000000002 0.03166276346604215
0 0.1469296875 0.4762997658079625 0.020703125000000003 0.10735362997658081
0 0.5209375 0.4034777517564403 0.011625000000000002 0.0294847775175644
0 0.5560312500000001 0.4025644028103045 0.015562500000000002 0.057072599531615927
0 0.99028125 0.2866510538641686 0.01515625 0.030304449648711942
0 0.12990625 0.4801053864168618 0.02128125 0.09660421545667447
0 0.585375 0.39782201405152223 0.00803125 0.013021077283372364
0 0.51953125 0.36065573770491804 0.9078125 0.22950819672131148
