1 0.8723203125 0.7126666666666667 0.23176562500000003 0.42704166666666665
1 0.8535859375 0.8390000000000001 0.292828125 0.322
2 0.32015625 0.59515625 0.5951562499999999 0.5182708333333333
0 0.17321093750000002 0.6255624999999999 0.34304687500000003 0.7219583333333334
0 0.8157421875000002 0.6508749999999999 0.280671875 0.6505416666666667
0 0.7361562500000001 0.43064583333333334 0.10478125 0.178875
0 0.9691015624999999 0.6224687499999999 0.060671875 0.4943958333333333
0 0.42896875000000007 0.4549791666666667 0.10062500000000002 0.14908333333333335
3 0.38007812500000004 0.7725729166666667 0.31659375 0.4311458333333333
3 0.6957656249999999 0.7715520833333334 0.11253125 0.31364583333333335
0 0.299875 0.44181250000000005 0.022750000000000003 0.09683333333333333
1 0.9681250000000001 0.7047604166666667 0.06375 0.19710416666666666
2 0.90203125 0.34809375000000004 0.0191875 0.013270833333333334
