0 0.47270491803278686 0.5542578125000001 0.8610538641686183 0.5882343750000001
0 0.5917096018735363 0.24021875000000004 0.07142857142857142 0.07575
0 0.6632903981264636 0.23585937499999998 0.06302107728337236 0.08750000000000001
0 0.9200819672131147 0.4440546875 0.1598360655737705 0.36367187500000003
0 0.24744730679156907 0.16150781250000001 0.06187353629976581 0.071359375
0 0.19866510538641685 0.19070312500000003 0.05348946135831382 0.10084375000000001
0 0.16262295081967212 0.1876640625 0.04201405152224825 0.07257812500000001
0 0.3064051522248244 0.1811171875 0.060679156908665106 0.079546875
0 0.9808782201405153 0.41605468749999996 0.038243559718969554 0.13989062500000002
0 0.16735362997658082 0.0303125 0.0653864168618267 0.058562499999999997
0 0.11022248243559721 0.030078125 0.05355971896955504 0.058562499999999997
0 0.7437236533957845 0.22710156250000002 0.07124121779859485 0.07195312499999999
