0 0.7634140625 0.6831147540983606 0.154171875 0.5226229508196721
0 0.635703125 0.6898829039812646 0.19190625 0.5752693208430913
0 0.4756015625 0.6976346604215456 0.163796875 0.6047306791569087
0 0.1311875 0.702248243559719 0.17840625000000002 0.5730210772833724
0 0.4978906250000001 0.4468969555035128 0.07750000000000001 0.18971896955503514
0 0.06085937500000001 0.7274707259953161 0.12171875000000001 0.5247775175644028
0 0.3455859375 0.566288056206089 0.16642187500000002 0.6561826697892271
0 0.7526484375 0.39325526932084315 0.07195312499999999 0.12585480093676815
0 0.8492812500000002 0.49269320843091335 0.147875 0.5088524590163934
0 0.647671875 0.3758665105386417 0.04803125 0.09088992974238877
0 0.18239062500000003 0.3517798594847775 0.11459375000000001 0.35133489461358314
0 0.5712343750000001 0.430327868852459 0.08096875 0.20449648711943794
0 0.23899218749999998 0.41487119437939113 0.096421875 0.40819672131147544
0 0.49921875000000004 0.5117096018735363 0.9984375000000001 0.7611241217798594
