0 0.365243328100471 0.5291875 0.730486656200942 0.941625
0 0.4801962323390895 0.457265625 0.18177394034536895 0.167
0 0.7954709576138148 0.6890468750000001 0.22117739403453687 0.62190625
0 0.6785792778649922 0.547984375 0.13938775510204082 0.23459375
0 0.5892935635792779 0.5284453125 0.11412872841444271 0.19167187500000002
0 0.6458477237048665 0.5146640625 0.058697017268445846 0.13698437500000002
0 0.6083594976452119 0.47635156250000005 0.058728414442700154 0.076171875
0 0.9863265306122448 0.5783984375000001 0.02643642072213501 0.132953125
0 0.8646860282574568 0.48743749999999997 0.0384458398744113 0.07228125
0 0.6815070643642073 0.5027578125 0.0673155416012559 0.162453125
0 0.9110047095761383 0.5758593750000001 0.10941915227629515 0.2615
0 0.9862009419152276 0.4859453125 0.02759811616954474 0.042609375000000005
0 0.9652040816326531 0.49512500000000004 0.02729984301412873 0.033875
