3 0.603546875 0.77346875 0.06784375000000001 0.1105625
3 0.5485625 0.7813645833333334 0.0531875 0.07835416666666667
3 0.6941250000000001 0.7899375 0.10265625 0.093625
0 0.8742734375 0.7819687499999999 0.032421875 0.15939583333333335
0 0.9278515625000001 0.7790625 0.058546875 0.1720833333333333
0 0.134359375 0.7337604166666666 0.018562500000000003 0.06102083333333333
2 0.367453125 0.7751875 0.140625 0.12783333333333333
2 0.46653125000000006 0.7653958333333333 0.08040625000000001 0.08941666666666667
2 0.203640625 0.7410729166666666 0.06103125000000001 0.058187499999999996
3 0.6398125000000001 0.7854270833333333 0.05996875000000001 0.0960625
3 0.513796875 0.7765520833333334 0.0355 0.08085416666666667
3 0.49982031250000003 0.7693437499999999 0.049421875000000004 0.09672916666666667
0 0.6186093750000001 0.7348125 0.026500000000000003 0.0535
0 0.668421875 0.7235312500000001 0.026187500000000002 0.05364583333333333
2 0.12475000000000001 0.7321979166666667 0.045187500000000005 0.0523125
2 0.1682265625 0.7403854166666667 0.032296875 0.05127083333333333
2 0.5841484375 0.7260208333333332 0.022546875 0.035791666666666666
2 0.31182031250000003 0.7521562500000001 0.043640625 0.06660416666666666
2 0.2879921875 0.7545104166666667 0.051640624999999996 0.06352083333333333
2 0.26309375 0.74984375 0.04378125 0.0624375
2 0.1609921875 0.7378020833333333 0.045140625000000004 0.051854166666666666
2 0.10148437500000002 0.7341354166666667 0.01653125 0.03714583333333333
3 0.5726171875 0.7840833333333334 0.048078125 0.08254166666666667
