3 0.49100781250000003 0.5237676056338029 0.761140625 0.717488262910798
3 0.0702421875 0.31066901408450703 0.139390625 0.22429577464788733
3 0.35321093750000004 0.1976408450704225 0.10039062500000001 0.13115023474178403
3 0.7027265625000001 0.20890845070422537 0.16276562500000002 0.14866197183098592
3 0.6187421875000001 0.35012910798122066 0.494421875 0.3477230046948357
0 0.5215625 0.21786384976525822 0.09790625 0.1951173708920188
0 0.5092734375 0.10380281690140845 0.046484375 0.10474178403755868
0 0.46084375 0.13196009389671362 0.05221875000000001 0.21720657276995306
0 0.8290390625000001 0.2522535211267605 0.144765625 0.5
0 0.9304687500000001 0.2184976525821596 0.10140625000000002 0.15981220657276995
0 0.28928125 0.11799295774647887 0.051500000000000004 0.21110328638497655
0 0.2123359375 0.10437793427230048 0.04145312500000001 0.15880281690140846
0 0.16176562500000002 0.13408450704225353 0.050187499999999996 0.23826291079812206
0 0.1181171875 0.10422535211267606 0.05360937500000001 0.13131455399061032
0 0.050945312500000006 0.11568075117370892 0.072046875 0.2312676056338028
0 0.630640625 0.13291079812206572 0.02134375 0.10511737089201878
0 0.48721875000000003 0.09896713615023474 0.01409375 0.07967136150234741
3 0.23779687500000002 0.21308685446009393 0.172875 0.1474882629107981
3 0.5667734375000001 0.1719835680751174 0.053859375 0.11251173708920188
0 0.53275 0.09855633802816902 0.021375 0.0553755868544601
0 0.36484375 0.3544600938967136 0.7296875 0.7042253521126761
