4 0.814890625 0.6988749999999999 0.08259375000000001 0.07191666666666667
0 0.41206250000000005 0.65709375 0.00715625 0.035604166666666666
0 0.47295312500000003 0.66225 0.0090625 0.026208333333333333
0 0.5042109375 0.6571979166666666 0.015390625 0.0414375
0 0.4928984375 0.6495729166666666 0.010734375 0.025062499999999998
0 0.9811640625 0.63109375 0.006703125000000001 0.022979166666666665
0 0.9546562500000001 0.634 0.00703125 0.015333333333333334
0 0.90365625 0.6337395833333334 0.010843750000000001 0.02014583333333333
0 0.9205781250000001 0.6316458333333334 0.01040625 0.02245833333333333
0 0.4001015625 0.6558333333333334 0.011484375 0.03625
0 0.39303906250000004 0.6596041666666667 0.006046875 0.027291666666666665
0 0.35906250000000006 0.6597395833333334 0.012 0.034270833333333334
2 0.7675625 0.8490520833333334 0.06775 0.04002083333333333
2 0.8762890625000002 0.8610520833333334 0.055703125 0.04535416666666667
2 0.8915859375 0.8829479166666666 0.065078125 0.050812500000000003
2 0.8417343749999999 0.8264479166666666 0.0755625 0.03814583333333333
2 0.6311562500000001 0.8505416666666668 0.07496875 0.049374999999999995
2 0.9724296875 0.8841666666666667 0.041046875000000003 0.05604166666666666
2 0.7927187500000001 0.8070729166666667 0.05778125 0.035812500000000004
2 0.708890625 0.8509270833333333 0.05884375 0.0484375
2 0.9743046875000001 0.7468020833333334 0.051390625 0.04264583333333333
2 0.9402421875 0.88290625 0.066765625 0.0545625
2 0.8370312499999999 0.8068645833333332 0.05446875 0.028729166666666663
2 0.8940156250000002 0.8141770833333334 0.06584375 0.04035416666666667
0 0.56784375 0.6443229166666667 0.010625 0.0273125
2 0.820546875 0.8542395833333333 0.0625 0.033979166666666664
6 0.5686484375 0.8323541666666667 0.080015625 0.058499999999999996
0 0.4581484375 0.6467916666666668 0.004921875 0.010875
0 0.6156250000000001 0.653125 0.765625 0.06875
2 0.7093750000000001 0.6958333333333333 0.578125 0.19583333333333333
