4 0.8966258169934641 0.4733333333333334 0.2067483660130719 0.6937908496732027
0 0.05870098039215686 0.6365441176470589 0.1163562091503268 0.22612745098039214
0 0.21119281045751634 0.6165359477124184 0.03800653594771242 0.128562091503268
0 0.2702205882352941 0.6219607843137255 0.03700980392156863 0.11660130718954248
0 0.13575980392156864 0.5748529411764706 0.031127450980392157 0.04029411764705883
6 0.5636928104575164 0.5938235294117646 0.49369281045751634 0.23722222222222225
2 0.09526143790849673 0.6050653594771243 0.19052287581699345 0.2450980392156863
0 0.12061274509803921 0.5553839869281045 0.024297385620915032 0.05759803921568628
0 0.1490277777777778 0.5542483660130719 0.027205882352941173 0.0861764705882353
0 0.3152287581699346 0.536078431372549 0.029934640522875818 0.03431372549019608
0 0.7869852941176472 0.5871977124183007 0.028316993464052285 0.04426470588235294
6 0.09520424836601307 0.5980882352941177 0.19040849673202614 0.2370588235294118
