0 0.3796145833333333 0.6490546875000001 0.26377083333333334 0.518421875
0 0.9142916666666666 0.4361562500000001 0.043083333333333335 0.065375
0 0.4959375 0.3113359375 0.024 0.047109375
0 0.4763958333333333 0.31586718750000004 0.022583333333333334 0.044359375000000006
0 0.5959166666666667 0.4122656250000001 0.008333333333333333 0.017937500000000002
0 0.5852187499999999 0.41167187499999996 0.0089375 0.014937500000000001
0 0.5768229166666666 0.41264843749999996 0.007729166666666666 0.019609375000000002
0 0.5660416666666667 0.41152343750000003 0.011041666666666667 0.018421875
0 0.51875 0.31236718750000003 0.027125 0.04926562500000001
0 0.6054479166666666 0.4429453125 0.0036041666666666665 0.008796875000000001
