2 0.07247656250000001 0.43271820448877807 0.017765625 0.026633416458852865
2 0.03459375 0.45834164588528675 0.061906249999999996 0.04940149625935162
4 0.745046875 0.4191147132169576 0.08925 0.1010224438902743
6 0.8734687500000002 0.4893142144638404 0.11156250000000001 0.13408977556109727
6 0.7953671875000001 0.47122194513715704 0.08535937500000002 0.11990024937655859
0 0.47877343749999995 0.5054613466334165 0.060640625000000004 0.22134663341645885
0 0.6395703125000001 0.5122319201995011 0.070046875 0.22281795511221944
0 0.6050312500000001 0.500860349127182 0.061906249999999996 0.21194513715710722
0 0.151734375 0.48428927680798 0.03334375 0.11610972568578554
0 0.1202109375 0.47254364089775563 0.025078125000000003 0.10174563591022442
0 0.671328125 0.5011596009975062 0.031656250000000004 0.19877805486284286
0 0.518375 0.5013715710723192 0.063125 0.19451371571072318
0 0.3363828125 0.45364089775561095 0.015859375000000002 0.04074812967581047
0 0.3450078125 0.4471321695760599 0.009421875000000001 0.03476309226932668
0 0.9413281250000001 0.4579551122194514 0.0174375 0.07770573566084787
2 0.2218203125 0.45947630922693267 0.117171875 0.053765586034912716
2 0.3336640625 0.4268952618453865 0.022765625 0.012593516209476309
2 0.3051171875 0.43311720698254363 0.030109375 0.01950124688279302
2 0.2936640625 0.4792643391521197 0.08085937500000001 0.09054862842892769
2 0.3300703125 0.4488154613466334 0.047140625000000005 0.03
6 0.538265625 0.4723815461346634 0.08737500000000001 0.09394014962593517
6 0.3897734375 0.4899750623441397 0.149046875 0.1517206982543641
6 0.7022343750000001 0.4519700748129675 0.04928125 0.07531172069825436
6 0.258546875 0.4282294264339152 0.036937500000000005 0.02254364089775561
2 0.014757812500000002 0.4626558603491271 0.028734375000000003 0.04481296758104738
6 0.08876562500000001 0.45051122194513715 0.07434375 0.06830423940149626
6 0.007539062500000001 0.42753117206982544 0.015078125000000001 0.02538653366583541
2 0.39453125 0.5099750623441396 0.5859375 0.23192019950124687
