0 0.61577 0.5101187335092348 0.25038 0.6292084432717678
0 0.43733000000000005 0.1542084432717678 0.1397 0.2586543535620053
0 0.39519 0.5056200527704485 0.31342000000000003 0.6606860158311345
0 0.72051 0.15398416886543534 0.1527 0.2083905013192612
0 0.85248 0.1425065963060686 0.12804 0.22522427440633244
0 0.70124 0.05674142480211082 0.13556 0.11116094986807389
0 0.5675600000000001 0.06036939313984169 0.1494 0.12073878627968337
0 0.44254 0.058205804749340374 0.12356 0.11503957783641161
0 0.31203 0.09465699208443272 0.13486 0.183245382585752
0 0.47061000000000003 0.5961609498680739 0.15314 0.2713192612137203
0 0.56398 0.14270448548812664 0.14496 0.22683377308707123
0 0.3534 0.7363588390501319 0.05316 0.1896042216358839
