0 0.74965625 0.32696721311475413 0.1319375 0.33932084309133487
0 0.7055234375000001 0.25350117096018737 0.059546875 0.13552693208430913
6 0.8743984375 0.3424707259953162 0.06751562500000001 0.08292740046838407
6 0.5809921875 0.2826580796252927 0.05957812500000001 0.02981264637002342
6 0.5994296875 0.3176580796252928 0.06314062499999999 0.040562060889929745
0 0.4442890625 0.3473185011709602 0.010203125 0.04583138173302108
0 0.9628046874999999 0.3721896955503513 0.006796875 0.03908665105386417
0 0.9901015625 0.5578337236533958 0.019546875000000002 0.0694847775175644
2 0.18633593750000002 0.2777985948477752 0.038171875 0.044121779859484775
2 0.9836171875 0.3533723653395785 0.032765625 0.04697892271662763
2 0.37896875 0.2933372365339578 0.07259375 0.03838407494145199
2 0.43568750000000006 0.29743559718969553 0.030375000000000003 0.043067915690866515
2 0.53596875 0.3009484777517564 0.061312500000000006 0.04428571428571429
2 0.6440000000000001 0.3418266978922716 0.07225000000000001 0.041170960187353625
2 0.560375 0.3114754098360656 0.0493125 0.03981264637002342
2 0.22426562500000002 0.2799414519906323 0.04315625000000001 0.04245901639344262
2 0.9348750000000001 0.3492505854800937 0.05296875 0.05480093676814988
2 0.8201484375 0.35495316159250584 0.032296875 0.04203747072599531
2 0.49424218750000004 0.2999414519906324 0.036640625 0.035573770491803276
2 0.10207031250000001 0.2718735362997658 0.036234375000000006 0.04908665105386417
2 0.62434375 0.32715456674473065 0.0459375 0.0348711943793911
2 0.49375 0.4262295081967213 0.978125 0.34192037470725994
