2 0.8063984375000001 0.822875 0.155296875 0.15654166666666666
2 0.7590234375 0.79496875 0.09167187500000001 0.1171875
0 0.37585156250000007 0.8515833333333332 0.128671875 0.273125
0 0.813125 0.8709166666666666 0.1244375 0.25816666666666666
0 0.741796875 0.7162916666666667 0.00996875 0.03808333333333334
0 0.7267734375 0.7077916666666667 0.010328125 0.03483333333333333
0 0.77646875 0.7136770833333334 0.00946875 0.03335416666666667
0 0.7674140625 0.7172604166666667 0.009859375 0.0379375
0 0.8178359374999999 0.7159687499999999 0.007921875 0.04022916666666666
0 0.6577578125 0.7556770833333334 0.028140625000000002 0.1121875
0 0.80553125 0.7190729166666666 0.01225 0.03647916666666667
0 0.7957421875000001 0.6982499999999999 0.006765625000000001 0.0245
0 0.608328125 0.8560416666666667 0.12778125 0.28641666666666665
2 0.7673671875000001 0.6826354166666667 0.013390625000000001 0.017854166666666667
0 0.7553515625 0.7141979166666667 0.010640625 0.0449375
