2 0.8758750000000002 0.35825781250000005 0.171125 0.11010937500000001
2 0.9715546875000002 0.39110937500000004 0.056890625 0.13412500000000002
2 0.8319531250000001 0.2994453125 0.07921875 0.055765625
4 0.6973046875 0.29821093750000005 0.228703125 0.23767187500000003
0 0.38989062500000005 0.49887499999999996 0.42021875000000003 0.9797812499999999
0 0.7578437500000001 0.234921875 0.056406250000000005 0.059937500000000005
0 0.6783046875000001 0.2461875 0.027203125 0.039406250000000004
0 0.6209218750000001 0.24028125 0.013750000000000002 0.036625000000000005
0 0.711671875 0.2277109375 0.026968750000000003 0.060390625
0 0.9390078125000001 0.2978203125 0.017546875 0.038390625000000005
6 0.7020390625 0.3095859375 0.184546875 0.234765625
