0 0.759109375 0.6831974921630094 0.017625 0.06344827586206896
0 0.23034375000000004 0.549012539184953 0.013625000000000002 0.054952978056426335
0 0.1541015625 0.5402037617554858 0.011859375 0.03175548589341693
0 0.18978125 0.5434012539184953 0.0093125 0.02147335423197492
0 0.25496875 0.5332601880877742 0.00840625 0.03297805642633229
0 0.34094531250000004 0.539576802507837 0.011390625000000001 0.04655172413793103
0 0.6322812500000001 0.5426959247648903 0.0145625 0.03373040752351097
0 0.6605468750000001 0.6297178683385579 0.01025 0.010282131661442005
0 0.7105156250000001 0.5647805642633228 0.011687500000000002 0.0441692789968652
0 0.145078125 0.5614733542319749 0.01021875 0.038871473354231974
0 0.16567968750000003 0.5574608150470218 0.008765625 0.05040752351097178
0 0.2457421875 0.5503134796238245 0.010296875 0.05379310344827586
0 0.1388515625 0.544153605015674 0.006984375 0.018150470219435735
0 0.50234375 0.46394984326018807 0.9921875 0.4952978056426332
