0 0.5014140625 0.6631874999999999 0.029390625 0.11166666666666666
0 0.36131250000000004 0.6541458333333333 0.0300625 0.06983333333333334
0 0.7379921875000001 0.6473854166666666 0.037859375 0.06235416666666666
0 0.5361484375 0.6426145833333334 0.033390625 0.050979166666666666
0 0.5844453125000001 0.64265625 0.027453125000000002 0.05652083333333333
0 0.6115546875 0.6376666666666666 0.034796875 0.052083333333333336
0 0.44278125 0.6436875000000001 0.04390625000000001 0.07104166666666667
0 0.193203125 0.653625 0.035125 0.060875
0 0.12185937499999999 0.6982395833333334 0.026031250000000002 0.14035416666666667
0 0.26141406250000004 0.6523645833333335 0.032046875 0.05639583333333333
0 0.050132812500000005 0.6546458333333334 0.030421875 0.055374999999999994
