0 0.668484375 0.6198229166666667 0.08690625 0.36672916666666666
0 0.40625 0.3806354166666666 0.10640625 0.2635208333333333
0 0.32359375 0.596625 0.094375 0.2719166666666667
0 0.22067968750000003 0.35121875 0.090234375 0.19464583333333335
0 0.26218749999999996 0.28621874999999997 0.07346875000000001 0.2610625
0 0.32443750000000005 0.39325 0.11628125 0.23370833333333335
0 0.1826796875 0.2353333333333333 0.059546875 0.1265
0 0.06434375 0.30105208333333333 0.0615 0.12589583333333332
0 0.264578125 0.5292291666666666 0.06146875000000001 0.17295833333333333
0 0.27175781250000003 0.7116875 0.130515625 0.33245833333333336
