0 0.60240625 0.17798538622129434 0.007593750000000001 0.02632567849686847
0 0.5626562500000001 0.1772964509394572 0.01134375 0.043611691022964506
0 0.45429687500000004 0.1765866388308977 0.00959375 0.020981210855949894
0 0.7381328125000001 0.17573068893528182 0.013265625000000001 0.04377870563674321
0 0.3688515625 0.1749269311064718 0.013546875 0.025219206680584548
0 0.3389765625000001 0.1768162839248434 0.010015625 0.03492693110647181
0 0.2994140625 0.1782985386221294 0.010703125 0.04085594989561586
0 0.7269296875000001 0.1744885177453027 0.010203125 0.033235908141962416
0 0.09409375 0.17944676409185803 0.010937500000000001 0.03354906054279749
0 0.2392578125 0.17750521920668058 0.012234375 0.033131524008350725
0 0.2752265625 0.1810647181628392 0.011359375 0.03766179540709812
0 0.036578125 0.18473903966597074 0.009 0.03649269311064718
0 0.1065 0.1805636743215031 0.01190625 0.032233820459290186
0 0.45078125 0.20354906054279748 0.8984375 0.12734864300626303
