2 0.096734375 0.7634479166666667 0.19346875 0.2601875
2 0.40599999999999997 0.6003645833333332 0.07321875 0.10218749999999999
4 0.5852890625000001 0.5278229166666667 0.23410937500000004 0.28552083333333333
4 0.25256249999999997 0.54275 0.11534375 0.24287499999999998
0 0.11403906250000001 0.5984166666666667 0.015578125000000002 0.06816666666666667
0 0.1545703125 0.606125 0.022703125 0.08520833333333333
0 0.8472031250000001 0.6449791666666668 0.026187500000000002 0.109
0 0.9467343750000001 0.64159375 0.0518125 0.19560416666666666
0 0.85978125 0.6036354166666666 0.022343750000000002 0.10052083333333334
2 0.3254609375 0.5674895833333333 0.014984375000000001 0.0183125
0 0.05950781250000001 0.6006770833333333 0.045390625000000004 0.06639583333333333
0 0.019218750000000003 0.6075416666666666 0.019750000000000004 0.065
0 0.125640625 0.5726145833333333 0.019875000000000004 0.034979166666666665
2 0.3707109375 0.5697291666666666 0.006078125 0.016208333333333335
0 0.7116484375000001 0.611 0.022859375 0.11591666666666667
0 0.8798125000000001 0.6296458333333333 0.0303125 0.15350000000000003
0 0.17841406250000003 0.6045625 0.017703125 0.07529166666666667
0 0.9116171875 0.6400416666666666 0.039890625000000006 0.16095833333333334
0 0.13084375 0.6076041666666666 0.023250000000000003 0.07033333333333333
0 0.33515625000000004 0.5197916666666667 0.6671875 0.17708333333333334
