0 0.48028906250000003 0.6631458333333333 0.117828125 0.42154166666666665
0 0.6007109375 0.6538020833333333 0.112546875 0.36835416666666665
0 0.8908671875 0.5769270833333333 0.021484375 0.06185416666666667
0 0.9060390625000001 0.5804166666666667 0.019796875000000002 0.06429166666666666
0 0.71359375 0.5803541666666666 0.022093750000000002 0.07004166666666665
0 0.7751640625 0.5764374999999999 0.009859375 0.020874999999999998
0 0.7002343750000001 0.5758333333333333 0.0089375 0.031083333333333334
0 0.9929140624999999 0.5740729166666667 0.014171875 0.0651875
0 0.9359375000000001 0.5199791666666667 0.0078125 0.021416666666666664
0 0.8521562500000001 0.5791979166666666 0.028031250000000004 0.07272916666666666
