0 0.6224140625 0.8910833333333332 0.015328125000000001 0.0545
0 0.6282343750000001 0.8893229166666666 0.01359375 0.05935416666666666
0 0.6777734375 0.8863333333333333 0.008859375000000001 0.058333333333333334
0 0.7148828125000001 0.8818437499999999 0.010890625000000001 0.03502083333333333
0 0.9475312499999999 0.9428749999999999 0.028625 0.08654166666666667
0 0.9220781250000001 0.9560833333333334 0.03868750000000001 0.06716666666666667
0 0.20573437500000002 0.8850520833333333 0.00709375 0.029895833333333333
0 0.17164843750000003 0.8820625 0.007265625000000001 0.024541666666666666
0 0.68978125 0.8854166666666666 0.01740625 0.0635
0 0.6120156250000001 0.88753125 0.013156250000000001 0.023395833333333334
0 0.9296875 0.8786875 0.0118125 0.019125
0 0.478640625 0.89221875 0.00703125 0.0119375
