0 0.49382 0.5943866666666666 0.2764 0.5775199999999999
0 0.7699 0.4876266666666667 0.10024 0.3371733333333333
0 0.6170100000000001 0.40924 0.05166 0.15021333333333334
0 0.08529 0.6246533333333333 0.17058 0.46930666666666665
0 0.09536 0.4437066666666667 0.03384 0.11578666666666666
0 0.28879 0.42404000000000003 0.03594 0.1076
0 0.54652 0.37534666666666666 0.02404 0.05037333333333333
0 0.40092999999999995 0.39021333333333336 0.01718 0.06517333333333333
0 0.06878999999999999 0.42549333333333333 0.03762 0.09045333333333333
0 0.89986 0.3491066666666666 0.02856 0.09618666666666667
0 0.8163600000000001 0.3577733333333334 0.01656 0.05458666666666666
0 0.8038099999999999 0.37724 0.02606 0.09122666666666666
0 0.7210100000000002 0.3817333333333333 0.025140000000000003 0.09616000000000001
0 0.6880000000000001 0.43066666666666664 0.5640000000000001 0.376
