2 0.8382421875000001 0.2946506986027944 0.073640625 0.08678642714570857
2 0.7658984375 0.2756786427145709 0.099703125 0.0791816367265469
0 0.9535781250000002 0.820249500998004 0.07403125 0.2915568862275449
0 0.904203125 0.7571756487025948 0.08134375 0.2516766467065868
0 0.9016562499999999 0.5920159680638722 0.054093749999999996 0.07972055888223552
0 0.8395468750000001 0.4875349301397205 0.02684375 0.07850299401197604
0 0.11852343750000001 0.6009880239520958 0.037421875 0.13171656686626745
0 0.8478046875 0.6258882235528943 0.053015625000000004 0.20347305389221554
0 0.8263046875000001 0.6034830339321356 0.046734375 0.1862075848303393
0 0.953 0.6000299401197604 0.0395625 0.11926147704590817
0 0.039703125 0.6359181636726545 0.04725 0.18988023952095806
0 0.16709375 0.5941516966067865 0.02684375 0.15265469061876247
0 0.2255 0.6246906187624749 0.04496875 0.18191616766467064
2 0.8436171875 0.2724650698602794 0.073453125 0.08469061876247504
0 0.32403125 0.5047205588822355 0.02871875 0.1377445109780439
0 0.7167890625000001 0.5483932135728542 0.052046875000000006 0.15602794411177645
0 0.540625 0.5319361277445109 0.821875 0.32934131736526945
