0 0.34479687500000006 0.4484324324324325 0.26443750000000005 0.5560540540540541
0 0.0638359375 0.2502972972972973 0.12085937499999999 0.34989189189189196
0 0.15828906250000002 0.21190540540540542 0.053359375 0.23424324324324325
0 0.196609375 0.18772972972972976 0.07125000000000001 0.20345945945945948
0 0.6074609375000001 0.09978378378378379 0.033703125 0.060594594594594604
0 0.49512500000000004 0.12078378378378378 0.0415625 0.19989189189189188
0 0.562125 0.12205405405405408 0.0479375 0.24129729729729732
0 0.68053125 0.12108108108108108 0.04665625 0.23767567567567568
0 0.7441093750000001 0.10785135135135136 0.04650000000000001 0.2112702702702703
0 0.32146875 0.1292972972972973 0.057031250000000006 0.2556216216216216
0 0.7843593750000001 0.13927027027027028 0.052593749999999995 0.20054054054054055
