0 0.6510739436619718 0.6184700000000001 0.4039084507042253 0.36110000000000003
0 0.7558274647887324 0.29724 0.09665492957746478 0.05348
0 0.101443661971831 0.26797000000000004 0.12281690140845071 0.09694
0 0.8380633802816901 0.14503 0.08408450704225352 0.056780000000000004
0 0.30183098591549296 0.26023 0.09302816901408452 0.09978000000000001
0 0.5372007042253522 0.29689 0.07742957746478873 0.04722
0 0.4196302816901409 0.15725999999999998 0.08017605633802817 0.07579999999999999
0 0.9171654929577466 0.0949 0.06714788732394367 0.04988
0 0.6313204225352114 0.14727 0.08750000000000001 0.06518
0 0.7552640845070423 0.13169 0.04221830985915493 0.0237
0 0.6405457746478873 0.1859 0.062288732394366206 0.04944
0 0.5582042253521127 0.25641 0.05929577464788732 0.05982
0 0.6633098591549296 0.28574 0.03190140845070423 0.02188
0 0.4982394366197183 0.161 0.9964788732394366 0.322
