0 0.6076015625000001 0.8326229508196721 0.13198437500000001 0.33152224824355975
0 0.502265625 0.829215456674473 0.08396875000000001 0.3190866510538642
0 0.36121093750000005 0.840503512880562 0.091015625 0.31786885245901636
0 0.9826250000000001 0.7408196721311475 0.03315625 0.14262295081967213
0 0.8761015625000002 0.7544964871194378 0.026859375000000005 0.045807962529274
0 0.2321328125 0.9231733021077283 0.11720312500000002 0.15365339578454332
0 0.21959375000000003 0.7735480093676815 0.030625000000000003 0.16381733021077283
0 0.4218671875 0.830784543325527 0.053484375 0.3384309133489461
0 0.32292968750000006 0.845632318501171 0.06348437500000001 0.30873536299765814
0 0.2536328125 0.8172131147540983 0.090703125 0.2924121779859485
0 0.16181250000000003 0.8382903981264637 0.08168750000000001 0.32341920374707256
0 0.06121875 0.8745784543325527 0.11134375000000002 0.25084309133489463
0 0.6865937500000001 0.8236182669789227 0.052937500000000005 0.2513583138173302
0 0.5 0.8138173302107728 0.9968750000000001 0.36768149882903983
