0 0.5538671875000001 0.6249413145539907 0.032546874999999996 0.10030516431924882
0 0.5791328125 0.6165258215962441 0.016109375000000002 0.08267605633802817
0 0.635078125 0.6242840375586854 0.011375000000000001 0.07190140845070422
0 0.6123203125000001 0.616244131455399 0.020234375 0.09098591549295774
0 0.6641875 0.6283802816901408 0.011875 0.07009389671361502
0 0.6851953125 0.6220422535211267 0.025265625000000003 0.09971830985915492
0 0.7223515625 0.6174765258215963 0.021171875000000003 0.11556338028169014
0 0.9649687500000002 0.6248591549295774 0.01434375 0.07845070422535212
0 0.9013359375000001 0.6016549295774648 0.013390625000000001 0.04537558685446009
0 0.735546875 0.6620187793427231 0.02103125 0.09553990610328639
0 0.797953125 0.631819248826291 0.018562500000000003 0.04997652582159624
0 0.593078125 0.6137323943661972 0.0196875 0.09333333333333334
0 0.7613984375 0.6359389671361502 0.038828125000000005 0.14084507042253522
0 0.775 0.6185446009389671 0.44375000000000003 0.11032863849765258
