0 0.4778671875 0.6662708333333334 0.105640625 0.38049999999999995
0 0.5603515625000001 0.49959375 0.015859375000000002 0.035645833333333335
0 0.6031718750000001 0.4787708333333333 0.019468750000000003 0.02725
0 0.7252734375000001 0.48518749999999994 0.022171875 0.04758333333333333
0 0.8702812500000001 0.5054270833333333 0.022750000000000003 0.1006875
0 0.8954218750000001 0.5172916666666667 0.033875 0.074875
0 0.9826953125000002 0.4712395833333333 0.019484375 0.06685416666666667
0 0.52828125 0.4633645833333333 0.0106875 0.013145833333333332
0 0.5445000000000001 0.47328125000000004 0.01009375 0.0119375
0 0.32090625 0.4906458333333333 0.012625 0.013333333333333334
0 0.5489921875 0.5004166666666667 0.013734375 0.014916666666666667
0 0.8756796875000001 0.5370625 0.022140625 0.026875
