0 0.5970700000000001 0.36354984894259823 0.23182 0.4695166163141994
0 0.0833 0.814607250755287 0.10116 0.3483081570996979
0 0.17302 0.802870090634441 0.06404000000000001 0.26858006042296073
0 0.7808299999999999 0.8945015105740183 0.07909999999999999 0.20640483383685798
0 0.90359 0.8844259818731118 0.08598 0.23114803625377645
0 0.19936 0.8713141993957705 0.07772 0.2553172205438067
0 0.98376 0.9727039274924473 0.032479999999999995 0.05459214501510574
0 0.03252000000000001 0.8260422960725076 0.06504000000000001 0.34791540785498487
0 0.36075 0.8595468277945619 0.08778 0.2449546827794562
0 0.56148 0.8598036253776435 0.08272 0.280392749244713
0 0.2851 0.8725679758308157 0.07576000000000001 0.25486404833836857
0 0.7043599999999999 0.845226586102719 0.10312 0.3093655589123867
