3 0.401421875 0.5950659133709981 0.61303125 0.623728813559322
3 0.7348125000000001 0.48228813559322037 0.4501875 0.45964218455743877
0 0.3957421875 0.13401129943502824 0.08817187500000001 0.23333333333333334
0 0.8587187500000001 0.31713747645951035 0.13053125000000002 0.47303201506591336
0 0.6320000000000001 0.3563935969868173 0.09015625000000001 0.11045197740112994
0 0.6863515625000001 0.20936911487758944 0.019203125 0.06273069679849341
0 0.8273984375 0.16214689265536725 0.016515625000000003 0.02022598870056497
0 0.7339375000000001 0.14820150659133707 0.03390625 0.06811676082862524
0 0.60484375 0.35596986817325793 0.022906250000000003 0.04677966101694915
0 0.7573046875 0.21354048964218456 0.101546875 0.22655367231638415
