0 0.276703125 0.6733098591549296 0.23337500000000003 0.4433802816901408
0 0.5879375000000001 0.7153638497652582 0.13728125 0.26260563380281693
0 0.9099765625 0.7172417840375588 0.11979687500000001 0.2445305164319249
0 0.9466484375 0.710575117370892 0.095265625 0.2559389671361502
0 0.9821953125 0.7072652582159625 0.035609375 0.22528169014084506
0 0.368328125 0.08685446009389672 0.0850625 0.1639906103286385
0 0.785796875 0.10937793427230047 0.11312500000000002 0.16842723004694837
0 0.7156093750000001 0.09725352112676058 0.11178125000000001 0.16089201877934275
0 0.16061718749999998 0.07819248826291081 0.10104687500000001 0.15638497652582162
0 0.9858671874999999 0.09862676056338028 0.028265625000000003 0.19542253521126762
0 0.82515625 0.6821009389671362 0.06415625000000001 0.17946009389671363
0 0.236140625 0.06821596244131456 0.0928125 0.13549295774647888
0 0.446015625 0.08035211267605635 0.07928125000000001 0.11760563380281691
0 0.1875 0.4495305164319249 0.371875 0.8990610328638498
