2 0.4425078125000001 0.31994791666666667 0.21492187500000004 0.13647916666666668
2 0.5453125 0.3136354166666667 0.056281250000000005 0.07089583333333334
2 0.108546875 0.33833333333333326 0.20615625 0.108
2 0.10135156249999999 0.8096875 0.199328125 0.360375
0 0.3224218750000001 0.3740104166666666 0.10843750000000002 0.42306249999999995
0 0.231203125 0.32065625 0.03275 0.20872916666666666
0 0.1501640625 0.40961458333333334 0.132546875 0.37135416666666665
1 0.2814609375 0.67828125 0.326953125 0.5438124999999999
1 0.689765625 0.372 0.06465625000000001 0.15641666666666665
1 0.7469140625 0.3719166666666667 0.091421875 0.15704166666666666
1 0.773234375 0.3880208333333333 0.10049999999999999 0.14416666666666667
1 0.8185390625000001 0.38078124999999996 0.074734375 0.16047916666666667
1 0.6719921875 0.36388541666666663 0.062328125000000005 0.1640625
1 0.8442265625000002 0.37438541666666664 0.030828125 0.14552083333333332
3 0.09019531250000001 0.3618854166666667 0.07595312500000001 0.09752083333333333
0 0.39742187500000004 0.3774375 0.11965625 0.3294583333333333
