0 0.7374843750000001 0.609800469483568 0.36868750000000006 0.7803990610328638
0 0.4257734375 0.7699061032863851 0.099828125 0.3036150234741784
0 0.31117187500000004 0.8066784037558685 0.064125 0.2673474178403756
0 0.2597734375 0.7934154929577465 0.052359375 0.30509389671361503
0 0.5841484375 0.7672652582159625 0.082921875 0.30753521126760563
0 0.483890625 0.7306455399061033 0.013031250000000001 0.072981220657277
0 0.08525 0.8096596244131454 0.06696875000000001 0.2595070422535211
0 0.5029140625 0.7302699530516433 0.030578125 0.11640845070422537
0 0.35645312500000004 0.7619483568075118 0.026812500000000003 0.11671361502347417
0 0.200015625 0.8069835680751173 0.11703125000000002 0.38603286384976526
0 0.28359375000000003 0.699518779342723 0.015625 0.05758215962441315
0 0.5365078124999999 0.7361502347417841 0.04245312500000001 0.22032863849765258
2 0.1256875 0.7370187793427231 0.026437500000000003 0.07821596244131455
6 0.05447656249999999 0.7333568075117372 0.10714062499999999 0.11910798122065729
0 0.3784453125 0.7578403755868545 0.023359375 0.11215962441314554
4 0.2227734375 0.7050234741784038 0.17985937500000002 0.1311267605633803
0 0.65390625 0.7323943661971831 0.6578125 0.24413145539906103
