2 0.37071875000000004 0.6498046875000001 0.1368125 0.082609375
2 0.4547083333333333 0.6159062500000001 0.06641666666666667 0.05109375000000001
2 0.5029895833333333 0.6095703125 0.0318125 0.023203125
0 0.54009375 0.629609375 0.0403125 0.0745
0 0.5788541666666667 0.6287734375 0.03816666666666667 0.07101562500000001
0 0.7323645833333334 0.628421875 0.03222916666666667 0.0673125
0 0.316375 0.6213359375 0.02654166666666667 0.04479687500000001
0 0.32890625 0.6062421875 0.02352083333333333 0.028828125
0 0.6229791666666666 0.6271953125 0.051333333333333335 0.07723437500000001
0 0.5927604166666667 0.6196875 0.017354166666666667 0.06121875
0 0.5649270833333334 0.5999765625000001 0.0076875 0.012046875
0 0.3599375 0.6019921875 0.029916666666666664 0.019015625
6 0.4556145833333333 0.615109375 0.06710416666666667 0.046375
