2 0.031218750000000003 0.3238407494145199 0.06243750000000001 0.12543325526932084
0 0.42210156249999997 0.4644730679156908 0.178515625 0.5736768149882904
0 0.355 0.37693208430913344 0.069375 0.3465105386416862
0 0.89715625 0.25845433255269323 0.02084375 0.06173302107728337
0 0.6104218750000001 0.4511241217798595 0.11265625 0.5839812646370024
0 0.8725468750000002 0.5262295081967213 0.18400000000000002 0.8412177985948478
0 0.9365390625000001 0.25460187353629976 0.023703125000000002 0.023817330210772834
0 0.9624765624999999 0.2673887587822014 0.023984375000000002 0.04297423887587822
6 0.491015625 0.23160421545667445 0.46928125 0.4404449648711944
0 0.060351562500000004 0.2581733021077283 0.047328125 0.13241217798594848
0 0.2728359375 0.19701405152224824 0.014328125 0.030843091334894615
0 0.0145390625 0.22166276346604213 0.029078125 0.09156908665105387
0 0.205359375 0.5051873536299766 0.2478125 0.9636299765807963
