6 0.1294609375 0.8953645833333332 0.258234375 0.2091875
2 0.048140625 0.5756041666666667 0.095375 0.084125
2 0.0521875 0.5467604166666666 0.104375 0.0683125
2 0.046789062500000006 0.5254895833333334 0.09357812500000001 0.04660416666666667
2 0.927078125 0.47751041666666666 0.06178125 0.0366875
2 0.8696250000000001 0.4678645833333333 0.046000000000000006 0.03077083333333333
2 0.9628437499999999 0.4789791666666667 0.05675 0.04458333333333333
2 0.8173046875 0.45763541666666663 0.056046874999999996 0.0315625
2 0.0480859375 0.5146354166666667 0.09357812500000001 0.04552083333333334
2 0.028749999999999998 0.48815625 0.0559375 0.03260416666666667
2 0.8819687500000001 0.46840624999999997 0.23606250000000004 0.07089583333333334
2 0.8885390625 0.4699479166666667 0.053921875 0.034854166666666665
2 0.7607421875 0.45148958333333333 0.018328125 0.0114375
2 0.9686875000000001 0.4485 0.06096875000000001 0.027999999999999997
2 0.00625 0.340625 0.009375000000000001 0.022916666666666665
