0 0.55365 0.5022533333333333 0.20394 0.5550666666666667
0 0.795 0.47057333333333334 0.09451999999999999 0.31373333333333336
0 0.87528 0.5342666666666667 0.09508 0.39418666666666663
0 0.15988 0.5529333333333334 0.31976 0.8861333333333333
0 0.47918 0.44092 0.016 0.07224
0 0.64985 0.4355733333333333 0.02422 0.06181333333333333
0 0.3185 0.5912 0.0864 0.26192
0 0.99555 0.5258266666666667 0.0089 0.08802666666666666
0 0.9827100000000001 0.4330266666666666 0.016980000000000002 0.059653333333333336
0 0.9567199999999999 0.4352533333333333 0.01584 0.05178666666666667
0 0.41778 0.4477733333333333 0.018760000000000002 0.0652
0 0.7212200000000001 0.49134666666666665 0.09096 0.4059466666666666
