2 0.26569531250000006 0.6986875 0.269046875 0.2175
2 0.9704375 0.8029270833333334 0.05912500000000001 0.3018125
2 0.9268828125000002 0.6467916666666667 0.041015625 0.09608333333333333
2 0.9633359375 0.6578645833333334 0.070453125 0.15172916666666666
2 0.9229375000000002 0.6341354166666666 0.0405625 0.08727083333333334
2 0.40261718750000003 0.6683645833333335 0.044765625 0.0860625
0 0.8084843749999999 0.6204479166666667 0.0246875 0.0774375
0 0.8276328125000001 0.6351041666666667 0.029640625 0.1125
6 0.4814375 0.37066666666666664 0.35071875 0.7382083333333332
0 0.86625 0.62478125 0.017718750000000002 0.07239583333333333
0 0.977484375 0.6531354166666666 0.04503125 0.13977083333333334
0 0.7382968750000001 0.61584375 0.02459375 0.0884375
2 0.9038124999999999 0.6163437500000001 0.029343750000000002 0.06614583333333333
6 0.63671875 0.32692708333333337 0.36231250000000004 0.6538541666666667
6 0.6755546875 0.5974583333333334 0.059171875 0.10308333333333332
6 0.17936718750000002 0.6333333333333333 0.074265625 0.07920833333333334
0 0.7541796875000001 0.6285833333333333 0.021890625 0.06520833333333334
6 0.08203125 0.6888124999999999 0.15625 0.4375
0 0.7951562500000001 0.61390625 0.02009375 0.0859375
2 0.9503671875 0.7286875 0.020203125000000002 0.08741666666666667
