2 0.9799453125000002 0.48389583333333336 0.040109375 0.11325
0 0.3008437500000001 0.62290625 0.251125 0.7258541666666667
0 0.490984375 0.5360416666666665 0.061968749999999996 0.19129166666666664
0 0.46806250000000005 0.4908958333333333 0.03415625 0.08387499999999999
0 0.7739609375000001 0.5432395833333333 0.08529687500000001 0.2880625
0 0.9312734375000002 0.5945 0.11898437500000002 0.38991666666666663
0 0.8927812500000001 0.47691666666666666 0.03425 0.11474999999999999
2 0.43028125 0.5334166666666667 0.06890625 0.120625
0 0.8548515625 0.46640624999999997 0.011359375 0.0605625
0 0.8428593750000002 0.4686041666666666 0.01234375 0.058374999999999996
0 0.905421875 0.45727083333333335 0.01165625 0.038375000000000006
0 0.8630078125000001 0.4653333333333334 0.008515625 0.04033333333333333
0 0.8704453124999999 0.46522916666666664 0.012640625 0.044000000000000004
0 0.5331328125 0.6007708333333334 0.274640625 0.4361666666666667
0 0.8479375 0.44621875 0.004687500000000001 0.014187499999999999
2 0.155875 0.6411666666666667 0.10503125 0.18366666666666664
0 0.80234375 0.484375 0.23593750000000002 0.29375
