2 0.3373828125 0.30136138613861385 0.064859375 0.06306930693069307
2 0.2533515625 0.2801608910891089 0.056609374999999997 0.058292079207920795
2 0.46618750000000003 0.3413366336633663 0.03878125 0.048019801980198014
2 0.2952109375 0.28917079207920793 0.043984375 0.05457920792079208
2 0.1886640625 0.26551980198019803 0.065078125 0.0654950495049505
2 0.144421875 0.24835396039603963 0.08521875000000001 0.0712128712871287
2 0.2131015625 0.2351608910891089 0.070609375 0.0425
0 0.6211484375 0.8860024752475247 0.047796875 0.13314356435643565
0 0.5397421875 0.8639603960396038 0.037390625000000004 0.1192079207920792
0 0.8165312500000002 0.9695173267326733 0.04640625 0.060965346534653464
0 0.3209453125 0.9350123762376238 0.047828125 0.10735148514851485
4 0.15781250000000002 0.606980198019802 0.31562500000000004 0.677920792079208
4 0.2525 0.5940099009900991 0.3886875 0.6045049504950495
4 0.36965625 0.597970297029703 0.36112500000000003 0.5788118811881189
4 0.472390625 0.5983539603960396 0.355625 0.5091831683168317
4 0.566703125 0.6099381188118812 0.35890625 0.4969554455445545
4 0.64078125 0.6125371287128712 0.31784375 0.40081683168316834
4 0.717625 0.6276113861386139 0.31671875 0.38373762376237625
4 0.717625 0.521930693069307 0.21584375 0.18945544554455448
4 0.7795078125 0.5344059405940594 0.269078125 0.3284653465346534
4 0.89946875 0.5899504950495049 0.11578125 0.1988118811881188
2 0.4301328125000001 0.3204207920792079 0.036265625 0.046336633663366336
2 0.085390625 0.2386262376237624 0.077125 0.0628960396039604
2 0.39589843750000003 0.2975247524752475 0.055453125000000006 0.04797029702970297
2 0.024648437500000002 0.21788366336633666 0.048484375 0.0675990099009901
4 0.7135781250000001 0.5072153465346535 0.27146875000000004 0.25933168316831684
0 0.43700781250000004 0.25094059405940594 0.008859375000000001 0.03405940594059406
0 0.47918750000000004 0.27150990099009903 0.008 0.030841584158415845
0 0.45892968750000007 0.23803217821782177 0.009546875000000002 0.03606435643564357
2 0.04540625000000001 0.18761138613861386 0.08753125 0.049133663366336636
2 0.0620234375 0.14351485148514853 0.038140625000000004 0.059158415841584155
0 0.5610937500000001 0.8634158415841584 0.04646875 0.1149009900990099
2 0.13828125 0.12995049504950495 0.1390625 0.12623762376237624
