0 0.253375 0.8504215456674473 0.03790625 0.09480093676814988
0 0.24188281250000002 0.8092388758782202 0.05070312500000001 0.034215456674473066
0 0.8328828125 0.6264519906323185 0.057390625 0.07763466042154567
0 0.71475 0.3460772833723654 0.02271875 0.06728337236533959
0 0.6860781250000001 0.3417330210772833 0.029437500000000002 0.06562060889929743
0 0.637625 0.33537470725995316 0.0189375 0.06348946135831382
0 0.552890625 0.3358313817330211 0.01703125 0.047962529274004684
0 0.9611328125 0.3097892271662763 0.017046875 0.024871194379391098
0 0.5008125 0.3053161592505855 0.02484375 0.05433255269320843
0 0.7361015625 0.3454215456674473 0.022734375 0.06447306791569087
0 0.445546875 0.20960187353629978 0.01565625 0.030398126463700235
0 0.45913281250000004 0.29748243559718973 0.016578125 0.051639344262295085
0 0.08828125 0.5128805620608899 0.0390625 0.07962529274004684
