0 0.683734375 0.9349027777777779 0.08321875000000001 0.13019444444444445
0 0.5687578125 0.9067638888888889 0.059265625 0.17891666666666667
0 0.598828125 0.9196388888888889 0.08859375000000001 0.16072222222222224
0 0.2236796875 0.8211805555555556 0.039703125000000006 0.17880555555555558
0 0.1513203125 0.8422222222222224 0.026859375000000005 0.12905555555555556
0 0.07803125 0.7984027777777778 0.035875000000000004 0.22280555555555553
0 0.596109375 0.7007777777777778 0.013000000000000001 0.03822222222222222
0 0.29150000000000004 0.9056111111111113 0.0673125 0.18877777777777777
0 0.1073828125 0.8080277777777778 0.043703125 0.19833333333333336
0 0.25513281250000003 0.6845277777777778 0.021171875000000003 0.09577777777777777
0 0.7418515625000001 0.6893472222222222 0.009734375000000002 0.03369444444444445
0 0.3451484375 0.6465000000000001 0.014953125000000001 0.08316666666666667
0 0.4678984375 0.9171805555555556 0.10023437500000001 0.1656388888888889
0 0.58046875 0.7958333333333334 0.7671875 0.3861111111111111
