0 0.23724218750000003 0.6691979166666667 0.197046875 0.31527083333333333
0 0.8622890625 0.2563020833333333 0.19032812500000001 0.31535416666666666
0 0.605875 0.7967083333333334 0.006625000000000001 0.019958333333333335
0 0.392234375 0.8636249999999999 0.007875 0.023791666666666666
0 0.299578125 0.8429375 0.009093750000000001 0.021333333333333333
0 0.6815937500000001 0.7852083333333334 0.0071874999999999994 0.019166666666666665
0 0.6914921875000001 0.7866354166666666 0.006015625 0.014145833333333333
0 0.717625 0.7739999999999999 0.00821875 0.01575
0 0.5587734375000001 0.8474375 0.005109375 0.022000000000000002
0 0.6994765625000001 0.7862500000000001 0.013671875 0.019416666666666665
0 0.7423125 0.7651770833333333 0.0060625 0.016645833333333332
0 0.730828125 0.7754895833333333 0.0081875 0.02014583333333333
0 0.7208125000000001 0.7837395833333334 0.005562500000000001 0.012895833333333334
0 0.14140625 0.921875 0.010937500000000001 0.035416666666666666
