0 0.7063359375 0.6906392694063926 0.061671875 0.23452054794520547
0 0.41015625 0.6270890410958905 0.053562500000000006 0.20541095890410957
0 0.363875 0.5944977168949771 0.033375 0.12118721461187214
0 0.2507890625 0.6113127853881278 0.029515625000000004 0.11331050228310502
0 0.9201875000000002 0.6139497716894977 0.04478125 0.16812785388127854
0 0.9730703125 0.6186415525114154 0.046234375 0.1754566210045662
0 0.8488515625 0.5693150684931507 0.018796875 0.06899543378995433
0 0.6116250000000001 0.5498287671232877 0.011312500000000001 0.041757990867579906
0 0.9396640625 0.6459817351598173 0.028859375 0.12031963470319634
0 0.9902578125 0.5650228310502283 0.014484375 0.05547945205479452
0 0.5999296875 0.6711415525114156 0.06057812500000001 0.2765296803652968
0 0.22663281250000003 0.5613584474885844 0.015984375000000002 0.08344748858447487
0 0.27502343749999997 0.5673744292237443 0.014859375000000001 0.07401826484018265
0 0.32656250000000003 0.641552511415525 0.6531250000000001 0.273972602739726
