3 0.5975703125 0.6617957746478874 0.435265625 0.46518779342723005
3 0.31196093750000004 0.4882042253521127 0.47204687500000003 0.43176056338028174
3 0.82753125 0.3842605633802817 0.1988125 0.29551643192488264
3 0.9024062500000002 0.7235211267605635 0.1951875 0.5529577464788733
3 0.6783359375000001 0.37752347417840376 0.180984375 0.2561737089201878
3 0.54528125 0.329518779342723 0.16925 0.21481220657276998
0 0.152390625 0.26078638497652584 0.1029375 0.30927230046948356
0 0.277359375 0.21550469483568077 0.0774375 0.2326995305164319
0 0.22262500000000005 0.21901408450704224 0.06275 0.1695774647887324
0 0.08942187500000001 0.2834037558685446 0.05921875 0.30502347417840375
0 0.355828125 0.23113849765258218 0.028999999999999998 0.14913145539906103
0 0.43132812499999995 0.22330985915492957 0.0344375 0.19422535211267605
0 0.09567187500000002 0.17744131455399062 0.01221875 0.05140845070422535
2 0.6877421875 0.2166549295774648 0.067328125 0.07467136150234742
2 0.396171875 0.2062323943661972 0.03578125 0.03161971830985916
2 0.1257890625 0.1441431924882629 0.10395312500000001 0.12326291079812206
3 0.10863281250000001 0.4189084507042254 0.055140625 0.1305399061032864
