2 0.41542968750000003 0.09967708333333333 0.08285937500000001 0.0364375
2 0.94515625 0.053250000000000006 0.10968750000000001 0.07087500000000001
2 0.7805937500000001 0.05616666666666667 0.05365625000000001 0.04016666666666667
2 0.8798828125 0.07066666666666667 0.025671875 0.050875000000000004
0 0.5317421875 0.5518333333333333 0.10617187500000001 0.47866666666666663
0 0.42990625 0.19263541666666667 0.0368125 0.06802083333333334
0 0.10102343750000001 0.15297916666666664 0.06942187500000001 0.19424999999999998
0 0.6640390625000001 0.16153125 0.034328125 0.14931250000000001
0 0.8234296875 0.10763541666666666 0.046453125000000005 0.19114583333333332
0 0.7367421875000001 0.1434375 0.024140625 0.11654166666666665
2 0.22819531250000002 0.10640625000000001 0.103421875 0.04302083333333333
2 0.8827421875000001 0.06590625 0.08126562500000001 0.06047916666666667
6 0.6776328125000001 0.07327083333333334 0.172703125 0.07308333333333333
2 0.8986875 0.03580208333333333 0.12121875 0.0484375
