0 0.5237236533957845 0.55271875 0.21826697892271663 0.33909375
0 0.1631030444964871 0.61803125 0.3262060889929742 0.36415625
0 0.3851053864168618 0.4932734375 0.07447306791569087 0.117609375
0 0.43538641686182666 0.47913281250000006 0.06496487119437938 0.148171875
0 0.3913817330210772 0.3454375 0.05362997658079625 0.06046875000000001
0 0.6717330210772834 0.5176875 0.07531615925058548 0.06003125000000001
0 0.7801873536299767 0.353375 0.08126463700234193 0.07190625
0 0.262576112412178 0.496328125 0.07583138173302108 0.05059375000000001
0 0.7385480093676815 0.5102031250000001 0.06163934426229508 0.044500000000000005
0 0.2558665105386417 0.5674687500000001 0.08868852459016392 0.044187500000000005
0 0.7977283372365339 0.525453125 0.07807962529274005 0.03853125
0 0.22615925058548011 0.536359375 0.03451990632318501 0.042156250000000006
0 0.7262763466042155 0.53028125 0.053442622950819675 0.03125
