0 0.61943 0.4132789317507419 0.08142 0.2731454005934718
0 0.5122 0.5012166172106824 0.0696 0.14646884272997032
0 0.41721 0.5365578635014837 0.07846 0.1946587537091988
0 0.1351 0.3425519287833828 0.04376 0.15620178041543029
0 0.09437999999999999 0.34136498516320474 0.047439999999999996 0.1914540059347181
0 0.8772399999999999 0.1475519287833828 0.01536 0.08578635014836795
0 0.4524 0.18020771513353118 0.0366 0.09252225519287834
0 0.43388 0.18289317507418398 0.01784 0.08275964391691396
0 0.5457799999999999 0.15651335311572703 0.0218 0.07611275964391691
0 0.46088 0.15652818991097922 0.015880000000000002 0.07074183976261128
0 0.40079000000000004 0.1841246290801187 0.024980000000000002 0.08718100890207715
