0 0.5639140625 0.6415727699530516 0.164546875 0.6404694835680751
0 0.32608593750000003 0.6707981220657276 0.239328125 0.6
0 0.49396875 0.25365023474178405 0.084375 0.29382629107981223
0 0.4503828125 0.06632629107981221 0.051171875000000006 0.08941314553990612
0 0.31527343750000003 0.06011737089201878 0.069546875 0.10868544600938966
0 0.14945312500000002 0.058169014084507045 0.055843750000000004 0.11633802816901409
0 0.074546875 0.060363849765258215 0.04578125 0.12072769953051643
0 0.0281953125 0.047018779342723006 0.055546874999999996 0.09403755868544601
0 0.9550625 0.04832159624413146 0.05234375 0.09213615023474178
0 0.77515625 0.055927230046948356 0.05081250000000001 0.10025821596244132
0 0.67109375 0.03936619718309859 0.054125000000000006 0.07873239436619718
0 0.553640625 0.05426056338028169 0.07584375 0.10434272300469484
0 0.3895 0.05663145539906103 0.08146875 0.11115023474178404
0 0.59375 0.05868544600938967 0.703125 0.11267605633802817
