0 0.18543750000000003 0.6309270833333334 0.22021875000000002 0.6950208333333333
0 0.7929765625 0.57865625 0.160109375 0.6808958333333333
0 0.3965 0.6238229166666667 0.18396875000000001 0.6375208333333333
0 0.4371484375000001 0.5453645833333333 0.07910937500000001 0.6647291666666666
0 0.5081406250000001 0.5816458333333333 0.146625 0.6741666666666667
0 0.6665703125 0.5966354166666666 0.180328125 0.6853958333333333
0 0.5805390625000001 0.560625 0.09395312500000001 0.5928333333333333
0 0.24871875000000002 0.5801458333333334 0.21925 0.6879166666666666
0 0.9489687500000001 0.4347916666666667 0.0248125 0.06858333333333333
0 0.9793046875 0.43438541666666663 0.021078125000000003 0.0699375
