0 0.9530859374999999 0.4539305555555556 0.093546875 0.3056388888888889
0 0.3441484375 0.5464583333333334 0.315828125 0.41863888888888895
0 0.5397890625 0.3121111111111112 0.15335937500000002 0.22755555555555557
0 0.778515625 0.21875 0.09865625 0.2182777777777778
0 0.3160625 0.23929166666666665 0.07950000000000002 0.0761388888888889
0 0.5741718750000001 0.7817916666666667 0.46950000000000003 0.43641666666666673
0 0.1057734375 0.06819444444444445 0.038796875 0.07577777777777778
0 0.095140625 0.09981944444444446 0.06328125 0.09358333333333332
0 0.8282734375 0.04766666666666667 0.021109375 0.03255555555555556
0 0.24768749999999998 0.13677777777777778 0.051000000000000004 0.19005555555555556
0 0.5626171875 0.021902777777777778 0.044140625 0.043805555555555556
0 0.9417890625 0.06180555555555556 0.055078125000000006 0.04627777777777778
0 0.6687968750000001 0.2696388888888889 0.12671875 0.22472222222222224
0 0.46406250000000004 0.125 0.915625 0.25
