0 0.92241 0.7638266666666667 0.08006 0.19720000000000001
0 0.16046000000000002 0.72812 0.01376 0.04562666666666666
0 0.76785 0.7047733333333333 0.01002 0.03077333333333333
0 0.74929 0.7056133333333333 0.012220000000000002 0.032293333333333334
0 0.13058 0.7221599999999998 0.00772 0.03882666666666667
0 0.70883 0.6995199999999999 0.00654 0.015359999999999999
0 0.46255 0.7185866666666666 0.01126 0.03712
0 0.7188300000000001 0.7099066666666667 0.01102 0.02952
0 0.48508999999999997 0.7109333333333334 0.00838 0.010986666666666667
0 0.10573 0.7161333333333333 0.011380000000000001 0.020533333333333334
0 0.03337999999999999 0.7231466666666667 0.01864 0.042613333333333336
2 0.95352 0.6938 0.05152 0.026693333333333333
0 0.69104 0.7027599999999999 0.00512 0.013146666666666666
0 0.455 0.7173333333333333 0.682 0.06933333333333333
