0 0.4933203125000001 0.5667365967365967 0.12201562500000002 0.6
0 0.21739843749999999 0.5259090909090909 0.105671875 0.6914452214452215
0 0.6539375000000001 0.601958041958042 0.06678125 0.4425641025641026
0 0.049445312500000005 0.37024475524475525 0.09576562500000001 0.4964801864801865
0 0.420453125 0.5563053613053613 0.11021875000000002 0.6283682983682983
0 0.5424609375 0.5855128205128205 0.102984375 0.5232867132867133
0 0.5958671875 0.5903496503496504 0.07604687500000001 0.4809324009324009
0 0.7214687500000001 0.5963752913752913 0.10518749999999999 0.4526107226107226
0 0.7566718750000001 0.6027389277389277 0.08468750000000001 0.4261771561771562
0 0.9643125000000001 0.65493006993007 0.0334375 0.07825174825174826
0 0.16740625 0.5291142191142192 0.14875000000000002 0.7695104895104895
0 0.344796875 0.5316666666666667 0.13284375 0.7166200466200466
