0 0.2709609375 0.4978515625 0.184984375 0.677046875
0 0.737078125 0.49850000000000005 0.17078125 0.6831562500000001
0 0.872734375 0.33828125000000003 0.08568750000000001 0.16862500000000002
0 0.12359375 0.3483125 0.103375 0.20675
0 0.4340234375 0.5296640625000001 0.139203125 0.388859375
0 0.1665625 0.3369609375 0.062625 0.16532812500000002
0 0.4866015625 0.29528125000000005 0.036390625 0.08490625000000002
0 0.62471875 0.42135156249999994 0.08090625000000001 0.415734375
0 0.9269218750000001 0.44916406249999996 0.1445625 0.23385937499999998
0 0.357484375 0.5263203125000001 0.07909375 0.35526562500000003
0 0.446609375 0.38757812500000005 0.09665625 0.29246875
0 0.8312343749999999 0.3485859375 0.061125 0.190640625
0 0.03282812500000001 0.45389062500000005 0.06565625000000001 0.36909375
0 0.52578125 0.49453125000000003 0.9453125 0.46718750000000003
