0 0.5135468750000001 0.6606458333333334 0.025531250000000002 0.036875
0 0.5313984375 0.66415625 0.016765625000000003 0.024270833333333335
0 0.8451718750000001 0.6227604166666667 0.0135625 0.03797916666666667
0 0.42117187500000003 0.5979375 0.01028125 0.029458333333333333
0 0.1718125 0.5868645833333334 0.01015625 0.0268125
0 0.7869453125 0.6080104166666666 0.006609375000000001 0.024562499999999998
0 0.9522109375000002 0.5782083333333332 0.006078125 0.011583333333333333
0 0.63159375 0.6257916666666666 0.0135625 0.018666666666666668
0 0.655875 0.6262083333333333 0.0085625 0.011791666666666667
0 0.666375 0.6467708333333333 0.03740625 0.009416666666666665
0 0.8941015625000001 0.6294895833333334 0.004609375000000001 0.02627083333333333
0 0.6186328125 0.59675 0.0054218750000000005 0.017166666666666667
