1 0.5734843749999999 0.7122109375 0.54359375 0.482734375
0 0.9386093750000001 0.285875 0.0574375 0.16262500000000002
0 0.1341875 0.5487812500000001 0.2075625 0.83321875
0 0.48513281250000007 0.277578125 0.088859375 0.15421875000000002
0 0.542796875 0.27746875 0.058687500000000004 0.13275
0 0.25570312500000003 0.28392968749999997 0.11371875000000001 0.203921875
0 0.6767500000000001 0.53034375 0.576875 0.89009375
0 0.6314765625000001 0.2598828125 0.083046875 0.128421875
0 0.517296875 0.23362500000000003 0.026250000000000002 0.05371875000000001
0 0.71675 0.2274453125 0.04853125 0.07279687500000001
0 0.3782734375 0.3134453125000001 0.051421875 0.270546875
0 0.39767187500000006 0.23634375 0.03728125 0.07981250000000001
0 0.7388671875 0.323453125 0.067453125 0.26053125000000005
0 0.4270625000000001 0.29657031250000004 0.051875000000000004 0.12460937500000001
1 0.6355859375 0.48794531250000006 0.104328125 0.169265625
