0 0.45126569037656894 0.6569687500000001 0.1562970711297071 0.17353125000000003
0 0.4363912133891213 0.8790234374999999 0.20997907949790795 0.241953125
0 0.23569037656903763 0.7907656250000001 0.3035146443514644 0.41790625
0 0.6263493723849373 0.6245937500000001 0.15997907949790793 0.12790625
0 0.06635983263598326 0.6471562500000001 0.037698744769874476 0.14234375
0 0.7662238493723849 0.6853359375000001 0.12135983263598325 0.25598437500000004
0 0.778776150627615 0.6903671875 0.11981171548117155 0.252796875
0 0.41312761506276147 0.7522500000000001 0.09650627615062761 0.128375
0 0.28456066945606695 0.6400390625000001 0.09585774058577405 0.147640625
0 0.13801255230125523 0.63596875 0.08602510460251045 0.13478125000000002
0 0.09006276150627614 0.5806171875 0.022761506276150627 0.024140625
0 0.9023221757322175 0.7362500000000001 0.19535564853556484 0.20468750000000002
0 0.1819246861924686 0.575390625 0.02694560669456067 0.026562500000000003
0 0.4393305439330544 0.66953125 0.8786610878661087 0.2390625
