2 0.1710390625 0.9210729166666667 0.19110937500000003 0.12418749999999999
2 0.0773515625 0.7926874999999999 0.09067187500000001 0.09254166666666667
2 0.2802265625 0.9454270833333334 0.102078125 0.10914583333333333
2 0.1498515625 0.8452604166666666 0.128453125 0.07952083333333333
2 0.14191406250000002 0.791625 0.061234375 0.06170833333333334
2 0.053500000000000006 0.7238229166666666 0.10225000000000001 0.09502083333333333
2 0.1225703125 0.7533854166666667 0.056265625 0.04172916666666667
2 0.014851562499999998 0.70028125 0.029390625 0.0513125
2 0.33437500000000003 0.9466145833333334 0.0849375 0.0834375
4 0.23934375000000002 0.8154270833333334 0.1783125 0.18722916666666667
2 0.21159375 0.8676354166666665 0.07981250000000001 0.07685416666666667
