4 0.6103359375 0.6405625 0.170609375 0.152
2 0.44323437500000007 0.6954791666666666 0.07171875 0.09454166666666668
6 0.884 0.78503125 0.23012500000000002 0.3004375
0 0.9809687500000002 0.7401458333333334 0.029906250000000002 0.07804166666666666
0 0.9862265625000002 0.6925000000000001 0.021078125000000003 0.05279166666666667
0 0.7057265625 0.6618020833333333 0.013328125 0.041937499999999996
0 0.6954531250000001 0.6588333333333334 0.01775 0.058124999999999996
0 0.8040703125 0.64034375 0.011609375 0.016479166666666666
0 0.8173593750000001 0.6364895833333334 0.0171875 0.0199375
0 0.867375 0.6383854166666666 0.01184375 0.012354166666666666
0 0.8508046875 0.6334895833333333 0.008453125 0.021895833333333333
0 0.0903984375 0.6179062499999999 0.012671874999999999 0.07035416666666668
0 0.387 0.6080729166666666 0.0185 0.046187500000000006
2 0.7030156250000001 0.8556354166666666 0.4994687500000001 0.2281875
2 0.22806250000000003 0.7202708333333334 0.1065625 0.06095833333333334
2 0.5317421875 0.8170833333333333 0.15476562500000002 0.121375
2 0.185640625 0.8477708333333334 0.37128125 0.20049999999999998
2 0.3476953125 0.6878333333333333 0.103890625 0.12508333333333332
2 0.041609375000000004 0.7253125 0.08321875000000001 0.11845833333333333
2 0.182953125 0.6848958333333334 0.07975 0.075875
2 0.1495078125 0.66840625 0.082109375 0.07818750000000001
2 0.22157031250000003 0.6301458333333333 0.066359375 0.07920833333333334
2 0.4811640625 0.7174791666666667 0.109546875 0.08933333333333333
4 0.4760859375 0.6115833333333334 0.143328125 0.13104166666666667
2 0.3120625000000001 0.5934062499999999 0.0464375 0.04847916666666666
2 0.4453125 0.6739583333333333 0.603125 0.18541666666666667
