3 0.8316328125000001 0.3730070754716981 0.040046875 0.09738207547169811
0 0.0494609375 0.25287735849056603 0.017140625000000003 0.03768867924528302
0 0.0916796875 0.23824292452830187 0.009265625 0.01794811320754717
0 0.12214062499999999 0.23752358490566036 0.00959375 0.021745283018867925
0 0.164109375 0.24556603773584906 0.01209375 0.03632075471698113
0 0.18421093750000003 0.24569575471698116 0.008671875 0.03209905660377358
0 0.3814765625 0.3152948113207547 0.014890625 0.05110849056603774
0 0.41171875 0.332252358490566 0.0118125 0.04997641509433962
0 0.43828125 0.3407193396226415 0.020875 0.08521226415094339
0 0.4577734375 0.3516509433962264 0.020546875000000003 0.09301886792452829
0 0.39686718750000005 0.34428066037735855 0.017109375 0.07893867924528301
1 0.33771875000000007 0.4929009433962264 0.02028125 0.06056603773584905
1 0.35679687500000007 0.49978773584905656 0.01665625 0.06004716981132075
1 0.376 0.5055542452830188 0.030093750000000002 0.05587264150943396
1 0.5845781250000001 0.5300235849056604 0.12925 0.09683962264150943
1 0.42525781249999994 0.5165566037735848 0.018796875 0.06226415094339622
1 0.459203125 0.49483490566037736 0.06343750000000001 0.10735849056603775
1 0.5473125 0.4142924528301887 0.0716875 0.08773584905660378
1 0.31734375000000004 0.48593160377358485 0.013218750000000001 0.05139150943396226
1 0.4293046875 0.48754716981132074 0.05014062500000001 0.1135377358490566
1 0.5418515625 0.46902122641509436 0.071890625 0.027948113207547167
1 0.9750390625 0.4714858490566038 0.049921875000000004 0.14188679245283017
1 0.9328359375 0.49155660377358484 0.027296874999999998 0.07433962264150944
0 0.36135937500000004 0.33191037735849055 0.017843750000000002 0.0680188679245283
1 0.3996796875 0.4717570754716981 0.037828125000000004 0.05757075471698113
0 0.32771875000000006 0.3291627358490566 0.0205 0.06841981132075471
0 0.3802890625 0.3524292452830189 0.026171875 0.05617924528301887
1 0.33203125 0.31839622641509435 0.2671875 0.18396226415094338
0 0.24609375 0.2995283018867924 0.38593750000000004 0.18396226415094338
