0 0.646375 0.25657291666666665 0.0398125 0.12135416666666667
0 0.8208437500000001 0.26774999999999993 0.06965625 0.20541666666666666
0 0.13592187500000003 0.29433333333333334 0.05334375 0.21033333333333332
0 0.6713515625 0.2488125 0.021109375 0.12370833333333334
0 0.5439765625 0.228375 0.036015625 0.12795833333333334
0 0.7340937500000001 0.24985416666666665 0.02140625 0.12045833333333333
0 0.7598515625000001 0.24885416666666663 0.022953125 0.113375
0 0.083703125 0.22692708333333333 0.05346875 0.08893749999999999
0 0.573359375 0.25826041666666666 0.037125000000000005 0.1391875
0 0.7833203125 0.25905208333333335 0.024484375000000003 0.10697916666666667
0 0.59428125 0.24366666666666667 0.01021875 0.030916666666666665
0 0.7511015625000002 0.2395 0.016703125 0.11304166666666667
0 0.7592031250000001 0.18309374999999997 0.0194375 0.0274375
0 0.7351562500000001 0.18020833333333333 0.0171875 0.03125
