0 0.5805 0.5934684684684685 0.552 0.6712012012012012
0 0.42558 0.3213063063063063 0.19412000000000001 0.6426126126126126
0 0.25407 0.3475225225225225 0.18642 0.6862162162162162
0 0.55761 0.1772072072072072 0.10358 0.35309309309309306
0 0.6941700000000001 0.3203453453453453 0.23466 0.6382282282282282
0 0.07059 0.38936936936936933 0.14118 0.5621021021021021
0 0.92676 0.258003003003003 0.14648 0.516006006006006
0 0.34735000000000005 0.1252852852852853 0.03394 0.20972972972972972
0 0.11928 0.17313813813813814 0.12704000000000001 0.3462762762762763
0 0.9003300000000001 0.3604954954954955 0.17266 0.716066066066066
