3 0.24185 0.5865199999999999 0.44326 0.37751999999999997
3 0.50983 0.7561866666666667 0.6219 0.4651733333333333
3 0.15134999999999998 0.09326666666666666 0.30269999999999997 0.18386666666666668
0 0.55034 0.5797866666666666 0.2886 0.7807466666666666
0 0.26073 0.42912 0.13898 0.45221333333333336
0 0.6643300000000001 0.08506666666666667 0.061380000000000004 0.1522133333333333
0 0.82662 0.06667999999999999 0.08616 0.13335999999999998
0 0.53849 0.37524 0.16358 0.3229066666666667
0 0.74314 0.07934666666666666 0.09895999999999999 0.15714666666666666
0 0.9101100000000001 0.07528 0.07078 0.15056
0 0.9834300000000001 0.07572000000000001 0.02998 0.12557333333333334
0 0.52079 0.08764 0.09774 0.17079999999999998
2 0.51175 0.039439999999999996 0.25198 0.07887999999999999
0 0.15063 0.04142666666666667 0.07002 0.08285333333333333
