0 0.098734375 0.5958541666666667 0.0658125 0.29100000000000004
0 0.652046875 0.6653958333333333 0.067 0.26425
0 0.7290156250000001 0.6518229166666667 0.050375 0.1891875
0 0.7489062500000001 0.6970416666666667 0.09159375 0.13520833333333335
0 0.7822109375 0.6716874999999999 0.051171875000000006 0.156875
0 0.11075781250000001 0.7365312500000001 0.14754687500000002 0.17260416666666664
0 0.2493671875 0.6857916666666667 0.040109375 0.08833333333333333
0 0.154453125 0.6729166666666666 0.03815625 0.13791666666666666
0 0.4654687500000001 0.641 0.02359375 0.049666666666666665
0 0.9039765625000001 0.6963124999999999 0.026453125 0.058958333333333335
0 0.8754140625 0.6853854166666666 0.026140625 0.052895833333333336
0 0.8369453125 0.6753854166666666 0.009859375 0.014770833333333332
0 0.9885 0.6670416666666666 0.023000000000000003 0.18275
0 0.49843750000000003 0.6572916666666666 0.99375 0.2895833333333333
