2 0.5213866666666666 0.89863 0.08741333333333333 0.0395
2 0.39574666666666664 0.88318 0.09117333333333333 0.04776
2 0.36453333333333326 0.87217 0.10074666666666666 0.04354
4 0.16029333333333332 0.85169 0.32058666666666663 0.11686
0 0.8189466666666665 0.87833 0.03373333333333333 0.07546
0 0.9756933333333333 0.8808000000000001 0.048613333333333335 0.09016
0 0.7155199999999999 0.8803900000000001 0.02336 0.0689
0 0.6896133333333332 0.86839 0.015493333333333331 0.04834
0 0.85572 0.8843099999999999 0.029199999999999997 0.06881999999999999
0 0.7369733333333331 0.8763 0.01949333333333333 0.06124
2 0.4674666666666667 0.85575 0.037599999999999995 0.02978
0 0.7832933333333332 0.87717 0.032453333333333334 0.07022
0 0.6675866666666667 0.85224 0.015973333333333332 0.0252
0 0.9375466666666666 0.88675 0.039093333333333334 0.08081999999999999
0 0.9557066666666667 0.8587800000000001 0.015573333333333333 0.02264
2 0.4380133333333333 0.8641000000000001 0.046959999999999995 0.03388
0 0.7493466666666666 0.86909 0.013146666666666666 0.04622
0 0.8899466666666667 0.8835300000000001 0.03333333333333333 0.07566
