0 0.2876328125 0.7255269320843092 0.066171875 0.2140515222482436
0 0.1403046875 0.7932786885245902 0.137328125 0.3467447306791569
0 0.3193203125 0.7240983606557377 0.028546875 0.18468384074941452
0 0.367609375 0.67480093676815 0.02978125 0.08861826697892272
0 0.5224609375 0.6773536299765809 0.035890625 0.10173302107728337
0 0.68309375 0.6531030444964872 0.029312500000000005 0.0656440281030445
0 0.7912890625000001 0.6510187353629977 0.017296875 0.08747072599531616
0 0.8633515625 0.6490281030444964 0.024390625 0.0864871194379391
0 0.3571328125 0.6508548009367681 0.004578125000000001 0.01941451990632318
0 0.1001484375 0.6766861826697892 0.028234375000000003 0.08306791569086651
0 0.47528125000000004 0.6632669789227167 0.0091875 0.031217798594847777
0 0.244875 0.6670023419203747 0.012781250000000001 0.044402810304449654
0 0.4669375 0.6494496487119438 0.0045 0.018852459016393444
0 0.3921875 0.6604215456674473 0.28750000000000003 0.06088992974238876
