2 0.11496875000000002 0.6020833333333333 0.10787500000000001 0.07495833333333332
2 0.5564140625 0.5855416666666666 0.08435937500000001 0.045375
2 0.41646093749999996 0.5865104166666667 0.077921875 0.0449375
2 0.28209375 0.6059270833333333 0.05809375 0.06660416666666666
2 0.866046875 0.5913437500000001 0.01596875 0.029645833333333333
2 0.9068359375 0.592 0.031296875 0.029791666666666668
2 0.9505156250000001 0.5933124999999999 0.033531250000000005 0.030041666666666664
0 0.32036718750000004 0.5796979166666667 0.009078125 0.03389583333333333
0 0.6142031250000001 0.5816458333333334 0.00715625 0.03216666666666666
0 0.30928125 0.5780937500000001 0.010812500000000001 0.035854166666666666
6 0.5124765625000001 0.5654583333333334 0.11210937500000001 0.06375
2 0.6640078125 0.5842499999999999 0.035796875 0.027291666666666665
2 0.8338828125000002 0.5910520833333333 0.015859375000000002 0.025270833333333336
2 0.636140625 0.5850416666666668 0.025468750000000002 0.021500000000000002
0 0.324109375 0.5618229166666667 0.004625 0.0116875
