0 0.18314062500000003 0.6209037900874635 0.058812500000000004 0.281865889212828
0 0.30153906250000007 0.5404810495626822 0.037171875 0.10516034985422741
0 0.35445312500000004 0.5223469387755102 0.0346875 0.08731778425655977
0 0.1039296875 0.5904081632653061 0.054234375 0.28303206997084546
0 0.04598437500000001 0.49994169096209906 0.0914375 0.21451895043731778
0 0.893046875 0.43543731778425654 0.05446875 0.13670553935860058
0 0.8775625 0.4057871720116618 0.024125 0.05087463556851312
0 0.8101171875000001 0.3830903790087464 0.033609375000000004 0.08425655976676384
0 0.7680390625000001 0.35686588921282797 0.032171875 0.11291545189504372
0 0.236828125 0.6217492711370262 0.052937500000000005 0.26997084548104955
0 0.1661796875 0.5294169096209912 0.038921875 0.12215743440233236
0 0.1054921875 0.3548542274052478 0.028296875 0.08749271137026239
0 0.2852265625 0.33867346938775506 0.031265625000000005 0.08830903790087463
0 0.53515625 0.4387755102040816 0.9171875 0.3177842565597668
