2 0.46557031249999997 0.5944252873563218 0.12601562500000002 0.08155172413793103
0 0.1931640625 0.5970977011494253 0.045578125000000004 0.1629310344827586
0 0.255953125 0.5506896551724138 0.05040625 0.1288505747126437
0 0.7379375 0.5561206896551724 0.0643125 0.19339080459770114
0 0.915046875 0.6317672413793103 0.026218750000000002 0.09612068965517243
0 0.5168671874999999 0.693778735632184 0.025265625000000003 0.10520114942528735
0 0.490546875 0.6875574712643677 0.017843750000000002 0.10275862068965516
0 0.32554687500000007 0.7068965517241379 0.015093750000000001 0.0643103448275862
0 0.0678984375 0.7033477011494254 0.020140625000000002 0.1307183908045977
2 0.529125 0.5602442528735632 0.041656250000000006 0.034913793103448276
2 0.6507890625 0.5705316091954024 0.035828125 0.04876436781609195
2 0.8978046875000001 0.5275574712643678 0.06270312500000001 0.05298850574712644
0 0.7445234375 0.47977011494252875 0.064640625 0.12264367816091953
0 0.8913906250000001 0.6439942528735632 0.0223125 0.13114942528735632
0 0.5677109375 0.6883333333333334 0.022109375 0.09712643678160919
2 0.550625 0.5450574712643679 0.0133125 0.013103448275862068
6 0.502203125 0.5797701149425287 0.092875 0.08988505747126437
6 0.5915078125000001 0.6120689655172413 0.076671875 0.1364367816091954
0 0.3485703125 0.7002442528735632 0.029328125 0.08204022988505748
2 0.6404687500000001 0.5593821839080461 0.03215625 0.04985632183908046
6 0.55646875 0.5679022988505747 0.018562500000000003 0.033678160919540234
0 0.5323515625 0.682212643678161 0.019203125 0.07103448275862069
0 0.49609375 0.6681034482758621 0.9890625000000001 0.2557471264367816
