2 0.3320996732026144 0.672279411764706 0.12106209150326798 0.09665032679738562
2 0.40281862745098035 0.6661356209150328 0.06540849673202614 0.08070261437908498
2 0.5086111111111111 0.6590359477124184 0.06130718954248367 0.07098039215686275
2 0.5527696078431372 0.6570506535947713 0.035408496732026146 0.06410130718954248
2 0.783390522875817 0.6543790849673202 0.03638888888888889 0.037222222222222226
4 0.6752777777777778 0.6524346405228759 0.19101307189542485 0.15055555555555555
0 0.14683823529411763 0.6421323529411765 0.020996732026143793 0.05017973856209151
0 0.9911111111111113 0.7355718954248366 0.01777777777777778 0.12836601307189544
0 0.9605473856209151 0.7186601307189543 0.054035947712418306 0.15869281045751635
0 0.9333415032679739 0.6637826797385621 0.018415032679738562 0.06259803921568628
0 0.9116094771241832 0.6697875816993465 0.016584967320261438 0.0561764705882353
4 0.843374183006536 0.6392728758169934 0.05629084967320262 0.04972222222222222
0 0.2169444444444444 0.6330637254901961 0.026143790849673203 0.02292483660130719
0 0.2782761437908497 0.6448202614379085 0.021813725490196077 0.050130718954248366
2 0.4608333333333333 0.6628839869281045 0.075 0.07240196078431373
2 0.582687908496732 0.6504166666666666 0.019526143790849673 0.04687908496732027
2 0.19174836601307188 0.8367156862745098 0.38349673202614376 0.31983660130718955
2 0.57359477124183 0.6583169934640523 0.021732026143790852 0.050490196078431374
