0 0.8297466666666667 0.61463 0.33704 0.2879
0 0.6362 0.58514 0.27448 0.21168
0 0.49551999999999996 0.55311 0.33834666666666663 0.1951
0 0.3871866666666666 0.5357200000000001 0.29533333333333334 0.16272
0 0.2840666666666667 0.43496999999999997 0.15031999999999998 0.11037999999999999
0 0.12222666666666666 0.43060000000000004 0.11399999999999999 0.2288
0 0.2592133333333333 0.39874000000000004 0.052239999999999995 0.07568000000000001
0 0.21349333333333334 0.42782 0.06634666666666666 0.13136
0 0.27557333333333334 0.47685999999999995 0.19173333333333334 0.09704000000000002
0 0.03448 0.51346 0.06863999999999999 0.15024
0 0.026799999999999997 0.41213 0.04997333333333333 0.0711
0 0.30654666666666663 0.41657 0.04248 0.041420000000000005
0 0.06031999999999999 0.44511 0.06319999999999999 0.1205
