0 0.23161718750000004 0.6024765258215963 0.268359375 0.7612441314553992
0 0.34199218750000004 0.37350938967136155 0.062234375 0.24246478873239438
0 0.3704375 0.6177347417840376 0.1351875 0.31180751173708926
0 0.48110937500000006 0.5423826291079813 0.1515 0.3099295774647887
0 0.920296875 0.6386267605633803 0.09946875 0.6722769953051643
0 0.28775781250000004 0.30771126760563383 0.031890625 0.11190140845070423
0 0.0421953125 0.35280516431924885 0.084390625 0.2380985915492958
0 0.14675000000000002 0.3630516431924883 0.06265625000000001 0.14666666666666667
0 0.57815625 0.45051643192488267 0.051125000000000004 0.3047887323943662
0 0.3044375 0.3431807511737089 0.032531250000000005 0.1333568075117371
0 0.2735546875 0.412406103286385 0.064796875 0.1698356807511737
0 0.79965625 0.6347183098591549 0.28718750000000004 0.6891079812206573
0 0.6522109375 0.6676995305164319 0.11664062500000001 0.5686854460093896
