2 0.8523125 0.7777708333333334 0.1225625 0.06554166666666666
2 0.7538359375 0.7717812500000001 0.05707812500000001 0.0574375
2 0.5913671875 0.7585000000000001 0.041296875000000004 0.053
2 0.484578125 0.7731875 0.07084375000000001 0.07320833333333333
0 0.09935937500000001 0.7669270833333334 0.012906250000000001 0.056729166666666664
0 0.7877421875000001 0.7517083333333333 0.023609375000000002 0.07083333333333333
0 0.651109375 0.7442708333333333 0.01409375 0.043875
0 0.11686718749999998 0.7653125000000001 0.013546875 0.05720833333333333
0 0.8499921875 0.7260104166666665 0.014796875000000001 0.03735416666666667
2 0.539359375 0.7634687499999999 0.04778125 0.04177083333333333
2 0.381640625 0.75409375 0.038187500000000006 0.0398125
2 0.33618750000000003 0.7485729166666667 0.0166875 0.020979166666666667
2 0.44696093750000004 0.7683125 0.036296875 0.04645833333333334
0 0.6638359375 0.7437083333333334 0.011890625000000002 0.049416666666666664
0 0.61625 0.7390833333333333 0.008875 0.017041666666666667
0 0.0119375 0.7960208333333334 0.0230625 0.0655
0 0.012 0.8289999999999998 0.024 0.07925
0 0.8394218750000001 0.7317812499999999 0.01475 0.0285625
0 0.6897734375 0.73534375 0.008203125 0.027979166666666666
0 0.62965625 0.7394895833333334 0.0106875 0.020979166666666667
0 0.547984375 0.7940937499999999 0.0235 0.1036875
2 0.4375 0.76278125 0.044312500000000005 0.050104166666666665
2 0.715546875 0.7755104166666666 0.09468750000000001 0.05310416666666666
