0 0.7108046875 0.49 0.067421875 0.25354166666666667
0 0.26756250000000004 0.7597395833333334 0.09246875 0.2724375
0 0.17533593749999998 0.7641979166666667 0.062078125 0.28860416666666666
0 0.8948749999999999 0.469875 0.02471875 0.07295833333333333
0 0.85840625 0.49435416666666665 0.03534375 0.04908333333333333
0 0.8998515625 0.5412083333333333 0.036359375 0.06504166666666666
0 0.9528203125 0.47115625 0.036078125 0.06172916666666666
0 0.9679453125 0.45622916666666663 0.017578125 0.03883333333333333
0 0.8139375 0.48763541666666665 0.028031250000000004 0.0761875
0 0.88771875 0.41479166666666667 0.01690625 0.042458333333333334
0 0.9126640624999999 0.48309375 0.032578125000000006 0.0513125
