2 0.6999296875000001 0.5328229166666667 0.209296875 0.08239583333333332
2 0.413578125 0.4994375 0.09943750000000001 0.05433333333333333
2 0.94790625 0.5224166666666666 0.10228124999999999 0.074125
2 0.1815078125 0.5081979166666667 0.098734375 0.03172916666666667
0 0.519625 0.7166250000000001 0.28587500000000005 0.5134583333333333
0 0.2364921875 0.6143333333333333 0.472984375 0.6557916666666666
0 0.050578125 0.5484166666666667 0.10115625 0.3345416666666667
0 0.10710156250000001 0.5068541666666666 0.041296875000000004 0.123875
0 0.9215546875000001 0.77709375 0.156890625 0.4176041666666666
0 0.8669218750000001 0.5725625 0.10659375 0.44758333333333333
0 0.38220312500000003 0.51309375 0.027812500000000004 0.043145833333333335
0 0.14477343750000002 0.5910104166666666 0.018484375 0.042479166666666665
0 0.923875 0.5832916666666667 0.054656249999999997 0.12183333333333332
0 0.8229531250000002 0.5765416666666667 0.07878125000000001 0.40245833333333336
0 0.017046875 0.5334583333333334 0.033218750000000005 0.2495
