3 0.5025234375000001 0.5360104166666667 0.9647656250000001 0.6868125
2 0.9305468750000001 0.32786458333333335 0.13890625 0.1474375
2 0.7870781250000001 0.3573020833333333 0.23596875000000003 0.2471875
2 0.8148828125 0.229625 0.190703125 0.14262499999999997
2 0.9133515625000002 0.22740625 0.17329687500000002 0.11164583333333333
6 0.65809375 0.12406249999999999 0.06640625 0.06620833333333334
0 0.9647578124999999 0.17556249999999998 0.005140625 0.006833333333333333
2 0.43407031250000006 0.13884375000000002 0.126859375 0.08977083333333334
2 0.246578125 0.13322916666666668 0.12512500000000001 0.10633333333333334
2 0.7791171875000001 0.14694791666666665 0.12257812500000001 0.056854166666666664
2 0.7061640625000001 0.13707291666666666 0.044203125 0.050312499999999996
2 0.59475 0.12264583333333334 0.1375 0.08254166666666667
2 0.13896875 0.12954166666666667 0.11506250000000001 0.09029166666666667
2 0.33971875000000007 0.0968125 0.06606250000000001 0.056749999999999995
2 0.7292109375000001 0.212625 0.20282812500000003 0.11545833333333333
2 0.5275390625 0.219375 0.130671875 0.13308333333333333
2 0.5 0.146875 0.9968750000000001 0.21875
