0 0.3614609375 0.53053125 0.067734375 0.28660416666666666
0 0.44145312500000006 0.51771875 0.050156250000000006 0.2565625
0 0.9651015625000001 0.658875 0.06979687500000001 0.229375
0 0.24774218750000002 0.67175 0.125765625 0.22483333333333333
0 0.1459375 0.53415625 0.0844375 0.2627291666666667
0 0.11453906250000001 0.4566666666666667 0.036140625 0.10791666666666666
0 0.09235937500000001 0.8250625 0.18471875000000001 0.3478333333333333
4 0.556453125 0.44571875 0.6760625 0.4210625
6 0.9609531250000001 0.4209791666666666 0.07809375 0.37079166666666663
6 0.56040625 0.4476354166666667 0.65771875 0.41610416666666666
6 0.1174296875 0.4049166666666667 0.232859375 0.294125
0 0.6467265625 0.5561770833333334 0.067765625 0.2613125
0 0.7622656250000001 0.6264062499999999 0.13840625 0.38310416666666663
