4 0.5165703125000001 0.7921354166666668 0.34214062500000003 0.15506250000000002
0 0.058359375000000005 0.9044687499999999 0.11584375000000001 0.19014583333333332
0 0.39294531250000003 0.7743749999999999 0.011984375 0.027791666666666666
2 0.076265625 0.86646875 0.1519375 0.18797916666666667
6 0.07921875 0.8567395833333333 0.1483125 0.18427083333333333
6 0.94378125 0.8171354166666667 0.030656250000000003 0.044270833333333336
6 0.7773750000000001 0.8086979166666667 0.05034375 0.0458125
2 0.7286171875 0.8123854166666666 0.05026562500000001 0.04127083333333333
2 0.882171875 0.8099375 0.09646875 0.08574999999999999
2 0.8171093749999999 0.8142395833333332 0.0365 0.042937499999999997
2 0.15810937500000002 0.87296875 0.0320625 0.1176875
2 0.9934140625000002 0.8423958333333332 0.012703125000000003 0.03966666666666666
2 0.9928203125 0.8184062499999999 0.014203125 0.027895833333333335
2 0.9807343750000002 0.8091770833333333 0.03853125 0.0238125
2 0.7043359375 0.8067291666666667 0.035640625 0.03845833333333334
2 0.7989609375 0.8120624999999999 0.020703125000000003 0.03133333333333333
