0 0.3354296875 0.7357629107981221 0.011953125000000002 0.05481220657276996
0 0.30531250000000004 0.7188262910798123 0.009375000000000001 0.043896713615023474
0 0.1584609375 0.7268192488262911 0.013828125 0.028943661971830986
0 0.21721093749999998 0.7223591549295774 0.008234375 0.03795774647887325
0 0.830953125 0.7163732394366198 0.012625 0.027535211267605636
0 0.34965625 0.7353403755868545 0.01259375 0.05983568075117371
0 0.36364843750000003 0.7182511737089202 0.015203125000000001 0.0521830985915493
0 0.37050781250000003 0.7294248826291079 0.008296875 0.019741784037558687
0 0.380296875 0.7155868544600938 0.006562500000000001 0.029624413145539905
0 0.5399296875 0.7137910798122067 0.010609375 0.025093896713615022
0 0.240921875 0.7352582159624413 0.019250000000000003 0.05544600938967136
0 0.0039296875 0.7341549295774648 0.007859375 0.04788732394366197
0 0.5018359375 0.730481220657277 0.013359375000000001 0.04974178403755869
0 0.35546875 0.7265258215962441 0.6984375 0.08685446009389672
