0 0.3605390625 0.4635714285714286 0.21467187499999998 0.6553395784543325
0 0.7258828125000001 0.7068384074941452 0.044078125 0.1052927400468384
0 0.9104999999999999 0.7943559718969555 0.01659375 0.04037470725995316
0 0.7789453125 0.7827868852459017 0.024453125000000003 0.033302107728337235
0 0.6989375 0.8124121779859486 0.035562500000000004 0.07189695550351288
0 0.8725 0.7826580796252928 0.014968750000000001 0.03857142857142857
0 0.6316015625000001 0.8057494145199063 0.044671875 0.06362997658079626
0 0.8928359375 0.7772014051522248 0.009046875000000001 0.04395784543325527
0 0.995625 0.7920491803278689 0.008749999999999999 0.11365339578454332
0 0.0235234375 0.7255503512880562 0.047046875 0.07967213114754099
0 0.915109375 0.7858313817330211 0.00784375 0.0409367681498829
0 0.0683828125 0.723536299765808 0.047703125000000006 0.09297423887587823
