0 0.34037500000000004 0.4091939252336448 0.320875 0.5538084112149533
0 0.87215625 0.46115654205607476 0.14871875 0.458107476635514
0 0.0713828125 0.1651752336448598 0.136765625 0.31684579439252336
0 0.1826328125 0.20310747663551398 0.12298437499999999 0.4031308411214953
0 0.31600781250000004 0.22336448598130837 0.136859375 0.44672897196261674
0 0.92109375 0.2491238317757009 0.06565625000000001 0.1917523364485981
0 0.5470546875000001 0.18540887850467289 0.145078125 0.37081775700934577
0 0.43981250000000005 0.1606892523364486 0.1090625 0.2639018691588785
0 0.781765625 0.23942757009345791 0.09625 0.4264719626168224
0 0.9577343749999999 0.44091121495327096 0.08453125 0.426214953271028
0 0.8496015625000001 0.23983644859813083 0.079703125 0.29612149532710275
0 0.6672265625 0.22947429906542055 0.188265625 0.4589485981308411
