0 0.6115781250000001 0.5315416666666666 0.18625000000000003 0.5302083333333333
0 0.2191015625 0.5869583333333334 0.18876562500000002 0.46066666666666667
0 0.4691171875 0.34750000000000003 0.081921875 0.13045833333333332
0 0.7897031250000001 0.3541875 0.1221875 0.2547083333333333
0 0.6082109375 0.06154166666666666 0.06501562500000001 0.09620833333333333
0 0.5067421875 0.0659375 0.049078125 0.09016666666666667
0 0.46248437500000006 0.05746875 0.07146875000000001 0.10172916666666666
0 0.3914453125 0.05975 0.097296875 0.10841666666666666
0 0.336546875 0.05723958333333334 0.10575000000000001 0.11447916666666667
0 0.7293671875000001 0.05169791666666667 0.058046875 0.10339583333333334
0 0.1384453125 0.36080208333333336 0.088359375 0.1316875
0 0.046265625000000005 0.36464583333333334 0.09253125000000001 0.13775
0 0.40428125000000004 0.6677395833333333 0.2679375 0.34547916666666667
0 0.3953125 0.07291666666666667 0.6312500000000001 0.14583333333333334
