0 0.5004375 0.5044687499999999 0.043791666666666666 0.035625000000000004
0 0.43804166666666666 0.5114140625 0.044708333333333336 0.053359375
0 0.38959374999999996 0.513109375 0.04902083333333333 0.04925
0 0.3406875 0.5112421875000001 0.043083333333333335 0.035671875
0 0.2959895833333333 0.5184296875000001 0.0473125 0.050515625
0 0.2521041666666667 0.52609375 0.04483333333333333 0.046062500000000006
0 0.21440625 0.5215 0.030104166666666664 0.056781250000000005
0 0.16571875 0.5227734375 0.051812500000000004 0.055984375
0 0.9167916666666667 0.514203125 0.050291666666666665 0.05078125
0 0.8648958333333333 0.5190859375 0.04825 0.043421875
0 0.7333020833333334 0.46734374999999995 0.042479166666666665 0.048875
0 0.5093645833333333 0.22471875 0.5752708333333333 0.31459375
0 0.06560416666666666 0.5211718750000001 0.021583333333333333 0.029875000000000002
0 0.5 0.60078125 0.9958333333333333 0.3359375
