2 0.86875 0.6355999999999999 0.055281250000000004 0.11736470588235294
2 0.8373281250000002 0.625835294117647 0.052937500000000005 0.09703529411764705
4 0.49917187500000004 0.4719058823529411 0.6043750000000001 0.773035294117647
0 0.35892187500000006 0.2651411764705882 0.037375000000000005 0.058470588235294114
0 0.515125 0.2755176470588235 0.02634375 0.08599999999999998
0 0.2923203125 0.27501176470588234 0.035015625 0.05270588235294117
0 0.45365625 0.2504941176470588 0.028562500000000005 0.06136470588235293
0 0.2586328125 0.6000117647058824 0.016828125 0.023458823529411765
0 0.653640625 0.621835294117647 0.02128125 0.045788235294117643
0 0.7624765625000001 0.5898117647058824 0.017953125 0.05934117647058823
