2 0.10147 0.46335570469798654 0.20294 0.3857718120805369
2 0.43760000000000004 0.46510067114093956 0.23356000000000002 0.37161073825503355
2 0.8490800000000001 0.496476510067114 0.26316 0.34865771812080537
0 0.62142 0.48708053691275166 0.0668 0.3373154362416107
0 0.8805900000000001 0.49401006711409395 0.08498 0.3979530201342282
0 0.9784300000000001 0.49224832214765096 0.043140000000000005 0.40496644295302014
0 0.26827000000000006 0.28197986577181205 0.01182 0.036778523489932886
0 0.23006000000000001 0.275251677852349 0.01456 0.030503355704697987
0 0.15628 0.275251677852349 0.01344 0.030503355704697987
0 0.20525000000000002 0.2712080536912752 0.008220000000000002 0.015167785234899327
0 0.67679 0.2553187919463087 0.02934 0.04204697986577181
0 0.18764000000000003 0.2706543624161074 0.00792 0.01573825503355705
0 0.25595 0.2810738255033557 0.01242 0.036845637583892615
