0 0.440390625 0.29239583333333335 0.07015625 0.17433333333333334
0 0.35580468750000005 0.27421875 0.09714062500000001 0.19927083333333334
0 0.15434375 0.28359375 0.107625 0.20089583333333336
0 0.26709375 0.2890625 0.08871875000000001 0.17258333333333334
0 0.052921875 0.29146875 0.10584375 0.22706249999999997
1 0.5498203125 0.40151041666666665 0.076515625 0.09085416666666667
1 0.2643515625 0.4191875 0.12270312500000001 0.0935
1 0.54478125 0.5574375 0.048906250000000005 0.104
1 0.8931875 0.3606458333333333 0.1111875 0.04795833333333333
1 0.36165625 0.3895416666666666 0.09675 0.049749999999999996
1 0.340125 0.3736354166666667 0.13075 0.027020833333333334
1 0.4342734375 0.38103125000000004 0.070890625 0.034770833333333334
1 0.5998984375 0.42061458333333335 0.083421875 0.1425625
1 0.10421093750000002 0.4077083333333333 0.093515625 0.0645
1 0.5165468750000001 0.47102083333333333 0.05896875000000001 0.07495833333333332
