4 0.883984375 0.4598966408268734 0.22234375000000003 0.43049095607235144
4 0.6121640625 0.41648578811369513 0.341078125 0.2089922480620155
0 0.72290625 0.5536304909560723 0.040093750000000004 0.23397932816537467
0 0.6408203125 0.5562403100775194 0.050859375 0.22596899224806202
2 0.1739296875 0.4337080103359173 0.127734375 0.04493540051679587
0 0.6734765625 0.5656072351421189 0.025453125 0.17204134366925064
0 0.757140625 0.5451162790697675 0.02103125 0.19162790697674417
0 0.7683515625 0.5726227390180879 0.026765625 0.1464341085271318
0 0.5785625 0.5695348837209302 0.02421875 0.16258397932816537
0 0.55509375 0.5492764857881137 0.03134375 0.20806201550387596
0 0.49334375 0.5738501291989665 0.03903125 0.15808785529715763
0 0.5104375 0.5671834625322998 0.040343750000000005 0.16770025839793284
0 0.45522656250000004 0.5744702842377261 0.025109375000000003 0.16377260981912145
0 0.41395312500000003 0.5770671834625323 0.0271875 0.15785529715762275
0 0.37443750000000003 0.5724289405684755 0.023031250000000003 0.17488372093023258
2 0.7452109375 0.4262919896640827 0.076640625 0.0727906976744186
0 0.56015625 0.4095607235142119 0.8296875 0.5400516795865633
