1 0.64593 0.6577763496143958 0.03258 0.1207969151670951
4 0.26197 0.5191388174807198 0.52042 0.44593830334190226
0 0.62899 0.5924421593830334 0.07534 0.24061696658097684
0 0.75256 0.5988688946015424 0.06504000000000001 0.26010282776349614
0 0.78016 0.5805012853470437 0.0456 0.21920308483290485
0 0.8399500000000001 0.5818766066838046 0.07002 0.2777892030848329
0 0.8953200000000001 0.5789974293059126 0.055479999999999995 0.21861182519280206
0 0.93794 0.5687017994858612 0.04508 0.22984575835475576
0 0.5503600000000001 0.5037917737789204 0.0308 0.11544987146529562
0 0.6060800000000001 0.4903598971722365 0.028960000000000003 0.07131105398457582
2 0.84987 0.5188560411311054 0.26222 0.10455012853470437
0 0.96306 0.5716709511568123 0.0254 0.14632390745501284
0 0.85426 0.45155526992287914 0.0224 0.03560411311053984
0 0.56614 0.495706940874036 0.021 0.10473007712082262
0 0.92051 0.5532647814910026 0.04474 0.222159383033419
0 0.52274 0.49799485861182513 0.01328 0.08786632390745501
