0 0.11378906250000001 0.6542916666666667 0.17795312500000002 0.6013333333333333
0 0.8389843750000001 0.7644062500000001 0.31759375 0.4711875
0 0.6056953125 0.23413541666666668 0.015671875 0.0271875
0 0.6082968750000001 0.5196979166666666 0.05140625 0.10381249999999999
0 0.6819453125 0.48534375 0.041078125 0.16822916666666665
0 0.22229687500000003 0.4228020833333333 0.02821875 0.09327083333333334
0 0.245859375 0.42305208333333333 0.021750000000000002 0.09310416666666665
0 0.4007265625 0.4453541666666666 0.023109375 0.06058333333333333
0 0.27540625 0.42173958333333333 0.02809375 0.09735416666666666
0 0.3012421875 0.42243749999999997 0.023546875000000002 0.09641666666666666
0 0.509859375 0.501625 0.06856250000000001 0.152
0 0.978609375 0.38477083333333334 0.03678125 0.06516666666666666
0 0.43894531249999996 0.4406458333333333 0.012171875 0.04091666666666667
0 0.49921875000000004 0.5 0.9984375000000001 0.9958333333333333
