0 0.5085625 0.3058450704225352 0.41575 0.4883568075117371
0 0.18921875 0.7134859154929577 0.37543750000000004 0.5460798122065728
0 0.2081953125 0.5058215962441315 0.311921875 0.5470892018779343
0 0.72275 0.457018779342723 0.30834375 0.6075586854460094
0 0.6587968750000001 0.193943661971831 0.17903125 0.361924882629108
0 0.9225859375 0.23117370892018776 0.154828125 0.33173708920187794
0 0.37214843750000004 0.07076291079812207 0.150921875 0.13964788732394368
0 0.23690625 0.05363849765258216 0.17734375000000002 0.10535211267605635
0 0.9683437500000001 0.046807511737089205 0.06331250000000001 0.09361502347417841
0 0.9470937500000001 0.03381455399061033 0.05809375 0.06683098591549295
0 0.9183125000000001 0.018110328638497653 0.05065625000000001 0.036220657276995305
0 0.8401328125000002 0.8935211267605634 0.31860937500000003 0.21295774647887325
0 0.752046875 0.228075117370892 0.030968750000000003 0.047605633802816905
0 0.46875 0.04107981220657277 0.9343750000000001 0.08215962441314555
