3 0.40868750000000004 0.6055281690140845 0.42971875 0.620774647887324
0 0.41746875000000006 0.48176056338028167 0.2310625 0.6724413145539906
0 0.6431875 0.37415492957746477 0.15556250000000002 0.617981220657277
0 0.4857734375 0.18696009389671364 0.11189062500000001 0.21884976525821598
0 0.079078125 0.39465962441314556 0.142625 0.177018779342723
2 0.4509218750000001 0.28464788732394364 0.239375 0.1843661971830986
6 0.1787890625 0.2279225352112676 0.354609375 0.30509389671361503
0 0.2459609375 0.387887323943662 0.050984375000000005 0.12173708920187794
2 0.903921875 0.3409154929577465 0.19215625000000003 0.12553990610328639
2 0.7165234375 0.32890845070422536 0.078515625 0.11100938967136151
2 0.7399687500000001 0.28757042253521126 0.05762500000000001 0.09025821596244132
2 0.9534765625000001 0.25740610328638497 0.083203125 0.05946009389671361
