0 0.7397578125000001 0.29378125 0.137953125 0.26889583333333333
0 0.824328125 0.12542708333333333 0.065375 0.25085416666666666
0 0.4480703125 0.23491666666666663 0.105671875 0.40099999999999997
0 0.38010156250000005 0.21875 0.097421875 0.36916666666666664
0 0.2938046875 0.22216666666666665 0.176171875 0.4443333333333333
0 0.045914062500000005 0.15819791666666663 0.090515625 0.31447916666666664
0 0.5700234375000001 0.19997916666666665 0.116703125 0.3999583333333333
0 0.6149296875000001 0.18526041666666665 0.08792187500000001 0.3705208333333333
0 0.65928125 0.15322916666666667 0.0776875 0.28229166666666666
0 0.8743515624999999 0.16971875 0.06029687500000001 0.2063125
0 0.0111171875 0.26384375 0.022234375 0.14447916666666666
0 0.74896875 0.186 0.1264375 0.36520833333333336
