0 0.7162395833333334 0.8165078124999999 0.017354166666666667 0.036859375
0 0.6448020833333333 0.8158671875 0.017604166666666664 0.037640625000000004
0 0.8303645833333333 0.8181484375000001 0.042145833333333334 0.053484375
0 0.6882291666666666 0.8150000000000001 0.015916666666666666 0.042625
0 0.6748020833333332 0.8021093750000001 0.010229166666666668 0.013875000000000002
0 0.8492812499999999 0.8125234375 0.009229166666666667 0.022640625
0 0.63421875 0.812796875 0.007104166666666667 0.025562500000000002
0 0.6271354166666666 0.8108515624999999 0.010229166666666668 0.024015625
0 0.7723125000000001 0.7993437500000001 0.011875 0.01240625
0 0.9065520833333333 0.8073125 0.004729166666666666 0.0074375
