0 0.5326953124999999 0.4180679156908665 0.041484375000000004 0.1687822014051522
0 0.49087500000000006 0.40687353629976575 0.06028125 0.2055503512880562
0 0.28262500000000007 0.37453161592505857 0.04478125 0.17875878220140515
0 0.7574453125 0.42427400468384074 0.061609375 0.17758782201405152
0 0.8425078125000001 0.3533957845433255 0.071109375 0.09901639344262296
0 0.8678828125 0.34660421545667447 0.018078125 0.061311475409836065
0 0.40056250000000004 0.3215456674473067 0.029718750000000002 0.0771896955503513
3 0.8531484375 0.531135831381733 0.194359375 0.1148711943793911
3 0.6171015625 0.42519906323185014 0.07382812500000001 0.11058548009367682
3 0.14068750000000002 0.38149882903981264 0.065625 0.105807962529274
3 0.7282890625 0.41754098360655734 0.051015625 0.12660421545667447
3 0.4252421875000001 0.3955269320843091 0.053234375 0.13114754098360656
