2 0.20238875878220142 0.6375703125000001 0.40477751756440283 0.092890625
2 0.34775175644028106 0.5771953125 0.12121779859484777 0.023078125
2 0.6392505854800937 0.5532031249999999 0.02740046838407494 0.02040625
2 0.7210772833723653 0.555359375 0.023793911007025763 0.014656250000000003
2 0.7973302107728338 0.5552734375 0.02857142857142857 0.015734375000000002
2 0.8765105386416862 0.5604218750000001 0.11180327868852459 0.029249999999999998
2 0.7581733021077284 0.5537031250000001 0.03297423887587822 0.0158125
2 0.9122833723653396 0.5531640624999999 0.038290398126463704 0.011390625000000001
2 0.04868852459016394 0.5850390625 0.09733021077283373 0.029859375
2 0.09026932084309133 0.5844140625 0.08044496487119439 0.017890625
2 0.6936065573770492 0.55246875 0.013817330210772834 0.0205625
2 0.3996018735362998 0.5649765625000001 0.08046838407494145 0.021046875000000003
