0 0.7961484375 0.9010913140311805 0.017671875 0.10351893095768373
0 0.8597265625000001 0.8962806236080177 0.024171875000000002 0.09861915367483295
0 0.9791484375 0.8948106904231626 0.028578125 0.10097995545657015
0 0.08324218750000001 0.8996881959910914 0.092390625 0.19870824053452116
0 0.41666406250000004 0.8873273942093541 0.024171875000000002 0.09265033407572383
0 0.44967187500000005 0.8719153674832962 0.013500000000000002 0.06236080178173719
0 0.4724609375 0.8602338530066815 0.011015625000000001 0.036146993318485525
0 0.7218593750000001 0.8593763919821826 0.01740625 0.05015590200445434
0 0.23943750000000003 0.8855790645879732 0.032375 0.06037861915367483
0 0.0110234375 0.8772605790645879 0.022046875 0.08374164810690424
0 0.5522109375 0.8800445434298441 0.020265625000000002 0.08182628062360801
0 0.3921171875 0.8939643652561247 0.019640625000000002 0.07741648106904231
0 0.47421875 0.88641425389755 0.5734375 0.12472160356347438
