0 0.8202265625000001 0.5947083333333334 0.138765625 0.297
0 0.41238281250000003 0.5597083333333333 0.069484375 0.28524999999999995
0 0.5404140625 0.5188541666666667 0.073296875 0.2058333333333333
0 0.6172890625 0.3134270833333333 0.043171875 0.12093749999999999
0 0.334546875 0.77640625 0.19381250000000003 0.42472916666666666
0 0.6094375000000001 0.40325 0.08478125 0.143875
0 0.6573906250000001 0.6580208333333334 0.06953125 0.350125
0 0.8747343750000001 0.4105520833333333 0.03871875 0.12131249999999999
0 0.5746328125000001 0.6187291666666667 0.09601562500000001 0.34020833333333333
0 0.9495 0.29535416666666664 0.03365625 0.03325
0 0.40734375 0.16260416666666666 0.03871875 0.11954166666666667
0 0.16353125000000002 0.6026354166666666 0.12428125000000001 0.33677083333333335
0 0.8462500000000001 0.42437499999999995 0.03590625 0.09158333333333334
0 0.49921875000000004 0.25416666666666665 0.9984375000000001 0.49166666666666664
