0 0.039414062500000006 0.6335400000000001 0.057765625 0.18392
0 0.053875 0.43687000000000004 0.039375 0.10081999999999999
0 0.021648437500000003 0.43211000000000005 0.017171875 0.09738
0 0.46892187500000004 0.42383000000000004 0.0663125 0.13158
0 0.35375 0.35372000000000003 0.030906250000000003 0.07232
0 0.932265625 0.39763 0.04509375 0.06942000000000001
0 0.5408671875 0.42587 0.089734375 0.1615
6 0.7596875000000001 0.36657 0.1765 0.12062
0 0.3103515625 0.36481 0.020109375 0.032420000000000004
0 0.9590625000000002 0.40785999999999994 0.0205625 0.09392
0 0.1288984375 0.41320999999999997 0.011640625000000002 0.09254000000000001
0 0.8939609375 0.39907 0.029359375 0.06878000000000001
0 0.49254687499999994 0.39483000000000007 0.01371875 0.03782
