0 0.1748046875 0.6452700186219739 0.145515625 0.45497206703910614
0 0.4902734375000001 0.7337523277467413 0.022203125000000004 0.11163873370577282
0 0.5243749999999999 0.7262569832402235 0.04459375 0.12487895716945997
0 0.5594453125000001 0.7214245810055865 0.027140625 0.08940409683426442
0 0.6958046875 0.7236499068901304 0.034921875000000005 0.09590316573556797
0 0.8779765625000002 0.7139851024208566 0.028390625000000003 0.07895716945996276
0 0.9230312500000001 0.734413407821229 0.04025000000000001 0.07731843575418995
0 0.3675859375 0.6757635009310987 0.024703125000000003 0.07666666666666667
0 0.402578125 0.6771787709497207 0.018843750000000003 0.0712290502793296
0 0.8619062500000001 0.7129329608938547 0.025812500000000002 0.07986964618249534
0 0.6469140625 0.6733147113594041 0.018578125 0.07512104283054004
0 0.9215078125 0.7142923649906889 0.010328125 0.026797020484171322
0 0.48316406250000005 0.6702420856610801 0.019296875 0.05936685288640595
0 0.33671875 0.6899441340782123 0.0140625 0.03165735567970205
