0 0.6040625000000001 0.46419014084507043 0.210125 0.4782394366197183
0 0.47346875 0.5850117370892018 0.11365625 0.15166666666666667
0 0.8780312499999999 0.4951291079812207 0.24231250000000004 0.9865023474178404
0 0.8515156250000001 0.3721126760563381 0.02884375 0.11178403755868545
0 0.3368671875 0.3741784037558686 0.018296875 0.027746478873239437
0 0.372953125 0.38734741784037563 0.020125000000000004 0.11877934272300471
0 0.4649921875 0.386056338028169 0.030546875 0.07892018779342723
0 0.324984375 0.3682863849765259 0.01146875 0.012112676056338029
1 0.4869296875 0.38451877934272305 0.037296875 0.07345070422535212
0 0.16597656250000004 0.5285680751173709 0.26970312500000004 0.9064788732394367
