0 0.6949765258215963 0.44659375 0.27178403755868547 0.21421875
0 0.48555164319248834 0.701578125 0.6192253521126762 0.5743125
0 0.6966079812206573 0.309125 0.29171361502347415 0.23928125
0 0.28995305164319246 0.310828125 0.2859154929577465 0.22934375
0 0.10634976525821596 0.435953125 0.21269953051643192 0.19775
0 0.1806220657276995 0.4032265625 0.18697183098591552 0.206359375
0 0.09203051643192488 0.23689843750000003 0.18406103286384976 0.162640625
0 0.8893896713615024 0.3349609375 0.20450704225352115 0.229109375
0 0.49894366197183093 0.38871093749999996 0.20572769953051645 0.205421875
0 0.31059859154929575 0.2161640625 0.25659624413145543 0.168546875
0 0.9092018779342723 0.430109375 0.1815962441314554 0.247125
0 0.3251408450704225 0.39617968750000004 0.1052112676056338 0.072859375
