0 0.7615703125 0.618311475409836 0.088109375 0.4532786885245902
0 0.8922578125000001 0.6919344262295083 0.152640625 0.2863606557377049
0 0.9179296875 0.5271803278688524 0.05801562500000001 0.18386885245901638
0 0.07907031250000002 0.1869016393442623 0.05170312500000001 0.09937704918032786
0 0.1683828125 0.1872622950819672 0.040484375 0.114327868852459
0 0.5536640625 0.278672131147541 0.053140625 0.10101639344262295
0 0.29875 0.16208196721311477 0.04565625 0.09734426229508197
0 0.40847656250000003 0.14701639344262296 0.051421875 0.1124590163934426
0 0.448328125 0.2432950819672131 0.035375000000000004 0.14311475409836066
0 0.4931796875 0.2304590163934426 0.046765625000000005 0.11829508196721311
0 0.5049375 0.2763934426229508 0.0481875 0.09888524590163934
0 0.9704765625 0.5494918032786885 0.059046875 0.26862295081967213
0 0.8312187499999999 0.5332131147540984 0.05990625000000001 0.23895081967213114
0 0.5 0.31311475409836065 0.9968750000000001 0.6262295081967213
