0 0.06435054773082943 0.5459296875 0.027449139280125195 0.045765625000000004
0 0.2670892018779343 0.5555546875 0.03477308294209702 0.042640625
0 0.4364006259780908 0.56984375 0.030641627543035992 0.027000000000000003
0 0.3881846635367762 0.5623046875000001 0.027010954616588423 0.038390625000000005
0 0.2995931142410016 0.569640625 0.01755868544600939 0.0189375
0 0.47265258215962447 0.5777031250000001 0.010312989045383412 0.01575
0 0.34828638497652586 0.5598125 0.03923317683881064 0.03721875
0 0.14831768388106414 0.5522109375 0.039483568075117374 0.041578125
0 0.536643192488263 0.57990625 0.013849765258215962 0.015218750000000001
0 0.02302816901408451 0.5427890625 0.03322378716744914 0.048109375
0 0.1887793427230047 0.5491093749999999 0.027261345852895153 0.0479375
0 0.22852895148669797 0.5532968749999999 0.03777777777777778 0.044000000000000004
0 0.09498435054773081 0.551234375 0.03644757433489828 0.04365625000000001
0 0.3364632237871675 0.55390625 0.4475743348982786 0.08281250000000001
