4 0.4427620087336244 0.49887499999999996 0.5463973799126637 0.62021875
4 0.12874454148471615 0.501125 0.20098253275109168 0.41796875
0 0.8767576419213974 0.7574609375 0.24508733624454146 0.485078125
0 0.7945633187772926 0.5930703125 0.06593886462882095 0.09807812500000002
0 0.9841703056768558 0.5805703125 0.03165938864628821 0.06360937500000001
0 0.9597925764192139 0.5408984375 0.023733624454148467 0.019296875
4 0.7524126637554583 0.509671875 0.0729475982532751 0.07831250000000001
0 0.9598471615720524 0.5805859375 0.047729257641921395 0.074609375
0 0.3435480349344978 0.5064843750000001 0.11534934497816593 0.0696875
0 0.744203056768559 0.6222578125 0.06543668122270742 0.12132812500000001
0 0.9844541484716156 0.541015625 0.031091703056768557 0.018343750000000002
0 0.8366375545851528 0.5909453125 0.022183406113537116 0.030328125
0 0.9748034934497816 0.5657656249999999 0.02982532751091703 0.039468750000000004
