0 0.44225000000000003 0.7467077464788733 0.02634 0.09440140845070422
0 0.42586 0.7018133802816902 0.018600000000000002 0.058485915492957744
0 0.48097999999999996 0.6931690140845072 0.01468 0.06661971830985916
0 0.37901999999999997 0.5270598591549296 0.031 0.08327464788732394
0 0.34046 0.8864964788732395 0.03228 0.09820422535211268
0 0.18783000000000002 0.6601760563380282 0.01874 0.09267605633802817
0 0.43319 0.32559859154929577 0.01202 0.06683098591549295
0 0.45187 0.33139084507042255 0.0123 0.06285211267605634
0 0.49535 0.32264084507042257 0.014740000000000001 0.06169014084507042
0 0.66738 0.3255281690140845 0.00956 0.05197183098591549
0 0.46941999999999995 0.6994366197183098 0.02056 0.09450704225352113
0 0.24213 0.7208802816901408 0.0247 0.09845070422535211
0 0.16091999999999998 0.6819014084507042 0.0264 0.09380281690140846
0 0.491 0.5158450704225352 0.966 0.4823943661971831
