1 0.5748356807511737 0.6235625 0.08854460093896714 0.0626875
2 0.8257394366197183 0.5621953125 0.15528169014084509 0.055484375
2 0.7400821596244133 0.5575468750000001 0.07002347417840375 0.04659375
0 0.47008215962441313 0.5860234375000001 0.48786384976525826 0.337640625
0 0.5707276995305164 0.5892265625 0.08333333333333333 0.083328125
1 0.2015023474178404 0.5738515625 0.08436619718309858 0.047484375
2 0.5029460093896714 0.5699765625000001 0.08570422535211267 0.044703125
2 0.9829225352112676 0.5581640625000001 0.03415492957746479 0.034953125
1 0.02528169014084507 0.5775234375 0.05056338028169014 0.05645312500000001
1 0.9397769953051642 0.55615625 0.014765258215962442 0.027562500000000004
