2 0.1392734375 0.6824810126582278 0.099578125 0.12972151898734177
2 0.27687500000000004 0.615367088607595 0.02125 0.04156962025316456
0 0.6969375 0.7438227848101266 0.04578125 0.2606582278481013
0 0.6343828125000001 0.7437468354430379 0.05360937500000001 0.23159493670886078
0 0.48542968750000004 0.7325822784810126 0.044390625 0.21124050632911393
0 0.43959375000000006 0.7316835443037975 0.04878125 0.19967088607594938
0 0.596078125 0.7192911392405064 0.03721875 0.2308860759493671
0 0.40248437500000006 0.7087848101265823 0.059375000000000004 0.21518987341772153
0 0.5512578124999999 0.7408860759493671 0.063765625 0.23584810126582278
0 0.505328125 0.6382784810126583 0.029875000000000002 0.0509873417721519
0 0.6738437500000001 0.7340506329113924 0.0341875 0.23073417721518988
0 0.44819531250000005 0.6249620253164557 0.016546875 0.043443037974683546
0 0.455390625 0.6518481012658228 0.018312500000000002 0.06637974683544304
2 0.0201640625 0.7157215189873419 0.036578125 0.11346835443037975
2 0.21520312500000005 0.6358101265822784 0.030468750000000003 0.056227848101265826
2 0.2892421875 0.6113164556962025 0.010140625 0.02430379746835443
2 0.3075859375000001 0.6109113924050633 0.013921875 0.02643037974683544
0 0.4713828125 0.6408227848101266 0.023015625 0.06554430379746835
0 0.5243359375 0.7278354430379748 0.039296875 0.21141772151898736
0 0.55625 0.7088607594936709 0.215625 0.23291139240506328
