2 0.5488854166666666 0.6424453125 0.10972916666666667 0.066734375
0 0.27628125000000003 0.704390625 0.5525625000000001 0.59121875
0 0.7536458333333333 0.72484375 0.09258333333333332 0.16921875
0 0.6711041666666666 0.6895312499999999 0.033666666666666664 0.11921875
0 0.9314270833333332 0.7485390625000001 0.10843749999999999 0.23289062500000002
0 0.6154687499999999 0.6991171875 0.08239583333333332 0.211234375
0 0.5378124999999999 0.67678125 0.05579166666666667 0.09831250000000001
0 0.7923541666666666 0.6283984375 0.024291666666666666 0.023578125000000002
0 0.5008229166666667 0.6782578125000001 0.07172916666666666 0.11542187500000001
0 0.4464166666666667 0.6440156250000001 0.05083333333333333 0.09471875
0 0.7932812499999999 0.7184921875000001 0.05689583333333333 0.155390625
4 0.6362187499999999 0.6063281250000001 0.11002083333333333 0.04153125
0 0.46497916666666667 0.6188671875 0.026583333333333334 0.033421875000000004
0 0.8476041666666666 0.7270546875 0.07895833333333332 0.178671875
0 0.820375 0.6324296875000001 0.033375 0.031078125
0 0.5 0.71875 0.9958333333333333 0.31562500000000004
