1 0.9522999999999999 0.735258358662614 0.0148 0.049179331306990884
2 0.72717 0.6854711246200608 0.06158 0.033738601823708206
3 0.26689 0.8898784194528877 0.20258 0.19325227963525834
3 0.18375 0.7329179331306991 0.0249 0.07258358662613981
3 0.12611 0.7370516717325227 0.04938 0.05629179331306991
4 0.35932000000000003 0.6701063829787234 0.31051999999999996 0.23595744680851063
0 0.27203999999999995 0.8049088145896657 0.13276 0.3120668693009119
0 0.8611700000000001 0.7131003039513678 0.0409 0.10516717325227964
0 0.9462400000000001 0.7005927051671733 0.032 0.10653495440729482
0 0.11981 0.717887537993921 0.02162 0.0744984802431611
0 0.44249 0.634483282674772 0.01886 0.04045592705167173
0 0.88625 0.6830851063829787 0.01574 0.040091185410334344
0 0.20312 0.6936170212765957 0.01728 0.06316109422492401
0 0.6831 0.682613981762918 0.010199999999999999 0.04389057750759878
0 0.8253400000000001 0.6826747720364742 0.00568 0.030273556231003043
0 0.18355000000000002 0.6939057750759878 0.02186 0.02981762917933131
3 0.86073 0.7523100303951368 0.03314 0.056413373860182366
3 0.9498500000000001 0.7321580547112462 0.023260000000000003 0.04808510638297872
3 0.93807 0.7199240121580548 0.01102 0.04872340425531915
