4 0.12178125000000001 0.7052499999999999 0.18346875 0.12454166666666666
2 0.53046875 0.6547291666666666 0.06999999999999999 0.06570833333333333
2 0.9118593750000001 0.7126354166666666 0.050249999999999996 0.06660416666666666
2 0.361484375 0.62875 0.0715625 0.059041666666666666
2 0.8242421875 0.7033958333333333 0.060671875 0.06608333333333333
2 0.71675 0.6744375 0.07684375 0.08816666666666667
2 0.6344453125 0.67565625 0.07904687500000002 0.0626875
2 0.1445546875 0.59296875 0.078265625 0.06772916666666666
2 0.288 0.6182916666666666 0.07909375 0.05629166666666666
2 0.40982031249999995 0.6008749999999999 0.063671875 0.057625
4 0.246671875 0.2147916666666667 0.07237500000000001 0.025625000000000002
2 0.0918125 0.5402812499999999 0.06575 0.030645833333333334
2 0.27353125 0.5717708333333333 0.074625 0.058791666666666666
6 0.19978125000000002 0.6043020833333334 0.08987500000000001 0.06622916666666666
6 0.7582421875 0.5418229166666666 0.047671875 0.0555625
6 0.31384375 0.43917708333333333 0.05040625 0.03085416666666667
6 0.8345781250000001 0.4916979166666666 0.03759375 0.04497916666666667
6 0.451953125 0.6428541666666666 0.08571875000000001 0.07533333333333332
2 0.509375 0.4458333333333333 0.8812500000000001 0.4666666666666667
