2 0.6228046875000001 0.4807025761124122 0.024546875000000003 0.0478688524590164
0 0.32093750000000004 0.4976346604215457 0.0206875 0.08238875878220141
0 0.16835156250000002 0.4587236533957845 0.017828125 0.04156908665105386
0 0.6102500000000001 0.510632318501171 0.0155 0.0488056206088993
0 0.6226171875000001 0.5139344262295081 0.024515625 0.04304449648711944
0 0.23664843749999998 0.4848594847775176 0.019765625000000002 0.06199063231850117
0 0.1047421875 0.486791569086651 0.023015625 0.08215456674473068
0 0.8405234374999999 0.21943793911007026 0.010171875 0.030210772833723653
4 0.2781484375 0.2526229508196721 0.15201562500000002 0.11733021077283373
0 0.0541171875 0.4786416861826698 0.021046875000000003 0.06206088992974239
2 0.6023125 0.4749648711943794 0.0223125 0.056159250585480096
