0 0.7091900000000001 0.52359243697479 0.27598 0.6292016806722689
0 0.36909000000000003 0.6337605042016807 0.2353 0.4988655462184874
0 0.18620000000000003 0.5651050420168067 0.25872 0.6555042016806722
0 0.27165 0.07472689075630252 0.04998 0.09575630252100839
0 0.93008 0.355063025210084 0.08664000000000001 0.332563025210084
0 0.19842 0.08315126050420167 0.04172 0.0853781512605042
0 0.43495000000000006 0.40544117647058825 0.08081999999999999 0.29836134453781515
0 0.31456 0.07972689075630253 0.03964 0.09054621848739496
0 0.34467000000000003 0.09197478991596639 0.04558 0.05714285714285714
0 0.42691 0.0767436974789916 0.03038 0.07869747899159664
0 0.37857999999999997 0.2969327731092437 0.06904 0.13210084033613445
0 0.09931000000000001 0.08262605042016806 0.049659999999999996 0.0996218487394958
0 0.38194 0.07802521008403361 0.05652000000000001 0.08512605042016808
0 0.493 0.3088235294117647 0.986 0.6176470588235294
