0 0.6873199999999999 0.4860240963855422 0.19363999999999998 0.3351204819277109
0 0.25921000000000005 0.7971084337349398 0.12838 0.26114457831325305
0 0.2085 0.3617018072289157 0.07976000000000001 0.23280120481927713
0 0.13018000000000002 0.6957831325301205 0.06972 0.11349397590361446
0 0.26043 0.48990963855421693 0.11273999999999999 0.22114457831325302
0 0.32754000000000005 0.4360692771084338 0.11164 0.357921686746988
0 0.057210000000000004 0.365210843373494 0.11434000000000001 0.3072289156626506
0 0.06938 0.7719126506024097 0.10892 0.3393072289156627
0 0.11785 0.5029367469879518 0.12558 0.2621385542168675
0 0.18741 0.502816265060241 0.04014 0.12262048192771086
0 0.52861 0.6 0.60882 0.768855421686747
0 0.9554300000000001 0.14424698795180724 0.08914 0.22698795180722892
0 0.19045 0.1591867469879518 0.0933 0.22620481927710842
