1 0.8173984375000001 0.26255294117647054 0.033171875 0.048164705882352936
1 0.11862500000000001 0.29279999999999995 0.081625 0.07331764705882353
1 0.8533437500000001 0.2687294117647059 0.02909375 0.0368
0 0.6013828125 0.6123647058823529 0.214890625 0.775270588235294
0 0.4741015625 0.5896823529411764 0.092546875 0.5423294117647058
0 0.34098437500000006 0.5719058823529412 0.20443750000000002 0.8336941176470587
0 0.1356484375 0.2264705882352941 0.022703125 0.08338823529411764
0 0.8442890624999999 0.23055294117647057 0.018140625 0.0428
0 0.9891953125000001 0.2722823529411764 0.020921875000000003 0.10479999999999999
0 0.903734375 0.2321529411764706 0.012750000000000001 0.035270588235294116
0 0.7440703125 0.24285882352941174 0.015296875 0.06910588235294117
0 0.85575 0.23475294117647055 0.01190625 0.057082352941176466
0 0.8900625 0.25402352941176465 0.0243125 0.07919999999999998
0 0.032234375 0.2647411764705882 0.028312500000000004 0.11263529411764704
0 0.807328125 0.24112941176470587 0.01659375 0.05623529411764705
0 0.353125 0.24235294117647058 0.703125 0.11294117647058823
