2 0.5705859375 0.8747083333333332 0.031703125 0.032625
6 0.6304609375000001 0.88690625 0.096046875 0.11447916666666667
0 0.1204375 0.9304062499999999 0.032468750000000005 0.12427083333333333
0 0.0201328125 0.9376770833333334 0.040265625 0.12464583333333333
0 0.18712499999999999 0.9290833333333334 0.0208125 0.10325000000000001
0 0.704328125 0.9224895833333333 0.02040625 0.0806875
0 0.73146875 0.8678645833333333 0.01034375 0.028479166666666667
2 0.6872500000000001 0.8740416666666667 0.02359375 0.027791666666666666
0 0.09400781250000001 0.9321354166666665 0.030078125 0.11835416666666666
2 0.7116953125000001 0.8430520833333334 0.014453125 0.021895833333333333
0 0.725359375 0.95453125 0.0368125 0.08977083333333334
0 0.3386796875 0.9132395833333332 0.021328125000000003 0.08260416666666666
0 0.7260625 0.88478125 0.0120625 0.051520833333333335
0 0.44540625 0.8824687499999999 0.011625000000000002 0.05127083333333333
2 0.7104453125000001 0.8668854166666665 0.012953125 0.02714583333333333
2 0.685046875 0.8537708333333334 0.025812500000000002 0.014416666666666666
0 0.42302343749999993 0.8738229166666667 0.016296875 0.058395833333333334
0 0.7762890625000001 0.9491041666666666 0.031671875 0.05566666666666666
4 0.625984375 0.8902083333333334 0.09225 0.12141666666666667
0 0.5281250000000001 0.9145833333333333 0.4625 0.15416666666666667
