0 0.513046875 0.47803124999999996 0.27253125 0.8354374999999999
0 0.4028046875 0.77909375 0.091015625 0.4134791666666667
0 0.9797968749999999 0.3478541666666667 0.040406250000000005 0.18874999999999997
0 0.6438828125000001 0.3720833333333333 0.081984375 0.19983333333333334
0 0.40893749999999995 0.3924479166666667 0.06315625000000001 0.3083125
0 0.36496875000000006 0.32526041666666666 0.04275 0.1009375
0 0.7830078125000001 0.41964583333333333 0.113578125 0.38608333333333333
0 0.060851562500000005 0.39446875000000003 0.081421875 0.22010416666666668
0 0.16173437499999999 0.38397916666666665 0.04259375000000001 0.12583333333333332
0 0.2606875 0.3637708333333334 0.043937500000000004 0.16483333333333333
0 0.29383593750000003 0.31616666666666665 0.017359375 0.04416666666666667
0 0.3065859375 0.31028125 0.015484375000000002 0.03227083333333333
0 0.7236796875 0.3560520833333333 0.038671875 0.16939583333333333
0 0.36250000000000004 0.33541666666666664 0.721875 0.14583333333333334
