2 0.63199 0.6540533333333333 0.14486000000000002 0.11125333333333333
6 0.50903 0.6113866666666666 0.16202000000000003 0.13194666666666666
0 0.41758999999999996 0.6378266666666667 0.03766 0.15389333333333333
0 0.30290000000000006 0.6259333333333333 0.033600000000000005 0.13586666666666666
0 0.8904 0.62208 0.03804 0.148
0 0.87377 0.6121333333333333 0.01834 0.13696
6 0.31791 0.6167333333333332 0.18802000000000002 0.13976
0 0.11836000000000002 0.6107333333333334 0.027920000000000004 0.06285333333333333
0 0.9198700000000001 0.62864 0.02622 0.14917333333333332
2 0.7661500000000001 0.6011866666666666 0.03638 0.05757333333333333
2 0.73199 0.6239333333333333 0.07909999999999999 0.07778666666666667
2 0.68784 0.6064533333333334 0.02996 0.03861333333333333
0 0.8571300000000001 0.6031866666666666 0.0151 0.08360000000000001
2 0.5700000000000001 0.5716266666666667 0.03832 0.035146666666666666
6 0.64808 0.5714133333333333 0.06008 0.06704
6 0.41450000000000004 0.5656666666666667 0.12252 0.09266666666666666
