0 0.52756 0.7134834834834834 0.15716 0.5460660660660661
0 0.91882 0.7286636636636636 0.16236 0.5426726726726727
0 0.75979 0.4341141141141141 0.07150000000000001 0.13303303303303302
0 0.35246000000000005 0.3685435435435435 0.07932 0.1932432432432432
0 0.6579 0.3742942942942943 0.07404000000000001 0.23423423423423423
0 0.19266 0.3045795795795796 0.06268 0.2558258258258258
0 0.11900999999999999 0.34049549549549546 0.07338 0.22693693693693692
0 0.08270999999999999 0.6867417417417417 0.16126 0.5427927927927928
0 0.24712 0.3575675675675676 0.08136 0.20006006006006008
0 0.81832 0.5792492492492493 0.12624 0.4642042042042042
0 0.89907 0.1382882882882883 0.0659 0.22336336336336335
0 0.6881099999999999 0.09061561561561561 0.03362 0.10063063063063063
0 0.57872 0.15648648648648647 0.09628 0.2204804804804805
0 0.5 0.45795795795795796 0.996 0.9159159159159159
