0 0.82226 0.6984933333333333 0.14444 0.4791733333333333
0 0.95899 0.72248 0.07754000000000001 0.40224
0 0.5795 0.82116 0.0648 0.24573333333333333
0 0.24255 0.8244533333333334 0.04358 0.14362666666666665
0 0.49063 0.86648 0.02802 0.08661333333333332
0 0.66247 0.8723333333333333 0.02714 0.06685333333333333
0 0.64128 0.8772266666666666 0.0132 0.04976
0 0.77454 0.8807066666666666 0.00652 0.0236
0 0.38473 0.8874133333333333 0.01846 0.04512
0 0.69784 0.8818666666666666 0.00452 0.028959999999999996
0 0.37304999999999994 0.8867333333333333 0.01118 0.03730666666666667
0 0.7228600000000001 0.8864399999999999 0.008039999999999999 0.018426666666666668
0 0.47400000000000003 0.884 0.588 0.04533333333333333
