0 0.255953125 0.7799479166666666 0.174875 0.2773541666666667
0 0.3104921875 0.7388645833333334 0.107921875 0.22989583333333333
0 0.45660156249999995 0.6234375 0.04870312500000001 0.11570833333333333
0 0.6611250000000001 0.6121875 0.1271875 0.15575
0 0.6098671875 0.6210729166666666 0.089984375 0.19747916666666668
0 0.14566406250000002 0.34109375 0.024640625 0.08477083333333332
0 0.9792187499999999 0.54734375 0.0415625 0.2048958333333333
0 0.7882187500000001 0.5387708333333333 0.043500000000000004 0.07545833333333334
0 0.8343515625000001 0.48008333333333336 0.05076562500000001 0.063875
0 0.439359375 0.6912395833333334 0.10175000000000001 0.20577083333333332
0 0.0432890625 0.6426979166666666 0.077578125 0.15610416666666668
0 0.49274999999999997 0.6018749999999999 0.04384375 0.08591666666666667
0 0.413484375 0.7086458333333333 0.12587500000000001 0.202875
0 0.509375 0.59375 0.978125 0.6791666666666667
