0 0.4770937500000001 0.9197552447552447 0.02490625 0.13890442890442892
0 0.3997421875 0.9149533799533799 0.09651562500000001 0.15601398601398603
0 0.2971328125 0.8771212121212121 0.011359375 0.058391608391608396
0 0.2814140625 0.8752564102564101 0.013984375 0.06216783216783217
0 0.2577578125 0.8728205128205128 0.010109375 0.054685314685314686
0 0.4043125 0.8743939393939394 0.01246875 0.04729603729603729
0 0.38409375 0.8641608391608391 0.0060625 0.032424242424242425
0 0.31567968750000003 0.8768648018648019 0.017421875 0.059417249417249414
0 0.32817968750000004 0.8738228438228438 0.015296875 0.057435897435897436
0 0.211765625 0.8542424242424241 0.013093750000000001 0.048997668997669
0 0.39103125 0.8609207459207459 0.008906250000000001 0.036526806526806524
0 0.4573359375 0.9167599067599068 0.032203125 0.13832167832167833
0 0.1819609375 0.8686946386946386 0.022671875 0.061864801864801866
0 0.44062500000000004 0.8613053613053613 0.8406250000000001 0.09557109557109557
