0 0.638578125 0.3873938679245283 0.051562500000000004 0.17700471698113207
0 0.6507812500000001 0.2641509433962264 0.09150000000000001 0.2910377358490566
0 0.28996875000000005 0.20496462264150944 0.037500000000000006 0.0658254716981132
0 0.5731796875 0.31199292452830185 0.08932812500000001 0.3280896226415094
0 0.08081250000000001 0.23995283018867924 0.08700000000000001 0.16108490566037734
0 0.6736640625 0.691002358490566 0.38260937500000003 0.24044811320754716
0 0.234375 0.21478773584905658 0.042625 0.07018867924528302
0 0.1971015625 0.20149764150943397 0.049171875000000004 0.08488207547169811
0 0.15392968750000002 0.21804245283018864 0.044890625 0.08249999999999999
0 0.047164062500000006 0.214752358490566 0.040265625 0.12375
0 0.028562499999999998 0.3340330188679245 0.055875 0.1975943396226415
0 0.8824375000000002 0.42293632075471693 0.0681875 0.303561320754717
0 0.7453125 0.38443396226415094 0.50625 0.4528301886792453
