0 0.32190625 0.6977604166666667 0.21909375 0.5460625
0 0.5292109375 0.48314583333333333 0.141578125 0.6786666666666666
0 0.666203125 0.3878541666666667 0.17965625000000002 0.5710416666666667
0 0.862265625 0.5601354166666667 0.237375 0.8797291666666666
0 0.4120781250000001 0.3302083333333333 0.13390625 0.5433333333333333
0 0.2323515625 0.29894791666666665 0.164015625 0.39760416666666665
0 0.81334375 0.12275 0.0625 0.139625
0 0.26492187500000003 0.15330208333333334 0.08228125 0.15314583333333334
0 0.5968125 0.3376666666666666 0.10125 0.5698333333333333
0 0.946484375 0.04203125 0.0523125 0.0840625
0 0.9743515624999999 0.279875 0.051296875 0.40120833333333333
0 0.49136718749999997 0.24051041666666664 0.086609375 0.4326458333333333
