2 0.602609375 0.7273770491803279 0.43634375000000003 0.3851990632318501
2 0.33659375 0.6653278688524591 0.19040625 0.24269320843091333
2 0.0884609375 0.6258430913348947 0.11095312500000001 0.14156908665105386
2 0.0549453125 0.8068618266978922 0.10495312500000001 0.38627634660421545
2 0.5239531250000001 0.5214871194379391 0.099125 0.04405152224824355
2 0.40554687500000003 0.5317213114754099 0.10665625000000001 0.053840749414519905
2 0.22654687500000004 0.5400936768149883 0.09403125000000001 0.046838407494145196
2 0.054093749999999996 0.692576112412178 0.10818749999999999 0.23423887587822012
2 0.145140625 0.6050351288056207 0.051500000000000004 0.07957845433255269
0 0.6255781250000001 0.6043559718969556 0.0566875 0.07339578454332553
0 0.6640859375 0.5008665105386417 0.011296875000000001 0.010257611241217799
0 0.34090625 0.5231381733021078 0.01228125 0.04810304449648712
0 0.23490625 0.6244964871194378 0.02496875 0.08313817330210772
2 0.65865625 0.5098829039812647 0.11603125000000002 0.06800936768149883
2 0.24285156250000003 0.6105854800936769 0.028703125000000003 0.11475409836065574
2 0.150921875 0.5745784543325527 0.07784375 0.09622950819672133
2 0.5432265625 0.487576112412178 0.061734375 0.03449648711943794
2 0.33906250000000004 0.5515222482435597 0.675 0.1990632318501171
