0 0.5523281250000001 0.5348349056603774 0.26796875000000003 0.5708018867924528
0 0.2694609375 0.6572995283018868 0.229265625 0.38875000000000004
0 0.1960546875 0.05145047169811321 0.089515625 0.10290094339622642
0 0.1791953125 0.29156839622641506 0.081796875 0.2802122641509434
0 0.297859375 0.28712264150943395 0.06237500000000001 0.09792452830188679
0 0.7938046875 0.314186320754717 0.056703125 0.13738207547169812
0 0.7259375 0.30817216981132073 0.0775625 0.17379716981132073
0 0.062468749999999997 0.5897995283018868 0.12493749999999999 0.5315330188679245
0 0.102765625 0.26287735849056604 0.10803125000000001 0.18716981132075472
0 0.38222656250000003 0.2868514150943396 0.081421875 0.09313679245283019
0 0.6163515625000001 0.047193396226415094 0.059546875 0.09438679245283019
0 0.643328125 0.26281839622641506 0.11015625000000001 0.27379716981132074
0 0.5799296875000001 0.2710377358490566 0.04120312500000001 0.08212264150943396
0 0.5125000000000001 0.20400943396226415 0.971875 0.4080188679245283
