0 0.728890625 0.7157042253521126 0.064875 0.15093896713615024
0 0.91271875 0.571725352112676 0.0236875 0.0578169014084507
2 0.47661718750000004 0.8944366197183099 0.099015625 0.10258215962441315
2 0.6482734375 0.7764788732394365 0.06057812500000001 0.07615023474178403
2 0.5834765625 0.8235915492957747 0.072671875 0.07971830985915493
2 0.5261640625 0.8621478873239437 0.036328125 0.05321596244131456
2 0.3417265625 0.9492136150234742 0.117609375 0.10049295774647889
0 0.9215703125000001 0.5671478873239436 0.024859375000000003 0.04974178403755869
2 0.4115703125 0.9448826291079812 0.042234375000000005 0.06380281690140845
2 0.7058125 0.7321713615023475 0.02346875 0.037816901408450704
2 0.5402578125 0.8520422535211267 0.024109375000000002 0.03849765258215962
0 0.55015625 0.8230281690140846 0.014499999999999999 0.012910798122065728
2 0.6803828125 0.744131455399061 0.046515625000000005 0.06201877934272301
