1 0.540921875 0.6034791666666667 0.40437500000000004 0.3617916666666667
1 0.8395234375 0.45244791666666667 0.246015625 0.21310416666666668
0 0.5257343750000001 0.5065833333333334 0.21868750000000003 0.46791666666666665
0 0.42567187500000003 0.3581041666666666 0.08687500000000001 0.24008333333333332
0 0.25823437499999996 0.33420833333333333 0.04259375000000001 0.14391666666666666
0 0.7973281249999999 0.39527083333333335 0.0819375 0.24708333333333332
2 0.08567187500000001 0.3422604166666667 0.17134375000000002 0.12339583333333333
2 0.9439453125 0.3466354166666667 0.11210937500000001 0.09864583333333334
2 0.16915625 0.2689791666666667 0.07578125000000001 0.053
2 0.2095625 0.25286458333333334 0.0705625 0.06089583333333334
2 0.4426015625 0.25123958333333335 0.034859375 0.03872916666666667
2 0.1000078125 0.25259374999999995 0.029484375000000004 0.034979166666666665
6 0.6280468750000001 0.31611458333333337 0.3343125 0.17714583333333334
6 0.3679296875 0.25717708333333333 0.045546875 0.056812499999999995
2 0.1415546875 0.24864583333333334 0.037359375 0.033125
2 0.0586953125 0.26203125 0.076921875 0.0545625
2 0.3685390625 0.25715625 0.048484375 0.0550625
2 0.0476875 0.27272916666666663 0.095375 0.049416666666666664
1 0.41149218750000005 0.42209375000000005 0.18014062500000003 0.0999375
2 0.48642968750000004 0.26334375 0.044453125 0.044812500000000005
2 0.31031250000000005 0.253375 0.0495625 0.06841666666666667
0 0.8483046875 0.3976770833333333 0.106984375 0.29772916666666666
2 0.6218750000000001 0.2708333333333333 0.58125 0.12083333333333333
