0 0.72925 0.5747395833333333 0.0855625 0.2916875
0 0.45927343750000005 0.61796875 0.062359374999999995 0.4179791666666666
0 0.22839062500000004 0.6254895833333334 0.05365625000000001 0.3050625
0 0.15131250000000002 0.61028125 0.06153125000000001 0.3558541666666667
0 0.2896953125 0.5439270833333334 0.048984375000000004 0.22747916666666665
0 0.3658515625 0.48001041666666666 0.026109375000000004 0.06410416666666667
0 0.0904140625 0.5670520833333333 0.045015625000000004 0.21102083333333335
0 0.6418046875000001 0.5301354166666666 0.05807812500000001 0.18856250000000002
0 0.5373125 0.5423020833333333 0.050249999999999996 0.20560416666666667
0 0.902953125 0.6006666666666667 0.043937500000000004 0.18004166666666666
0 0.8935546875 0.5293229166666666 0.045390625000000004 0.16210416666666666
0 0.9642421875 0.5683125 0.07151562500000001 0.3145
0 0.8043359375 0.5577291666666667 0.071828125 0.27329166666666665
0 0.5 0.6645833333333333 0.9968750000000001 0.6333333333333333
