0 0.598296875 0.5810874200426438 0.5562187500000001 0.8175692963752665
0 0.387859375 0.32319829424307034 0.11884375000000001 0.21620469083155652
0 0.371265625 0.26754797441364603 0.060875000000000005 0.15927505330490405
0 0.23088281250000003 0.6210021321961621 0.44839062500000004 0.7579957356076759
0 0.45429687500000004 0.376865671641791 0.14453125 0.3315565031982942
0 0.12070312500000001 0.5294136460554372 0.14828125 0.5082515991471215
0 0.3252421875 0.3208315565031983 0.039078125000000005 0.08886993603411514
0 0.5633046875 0.22726012793176972 0.14754687500000002 0.1891044776119403
0 0.178640625 0.2536886993603411 0.037500000000000006 0.06605543710021322
0 0.8398515625 0.5539339019189766 0.28323437500000004 0.892132196162047
0 0.06584375 0.4139232409381663 0.10159375 0.34938166311300645
