2 0.9096171875 0.6096458333333333 0.12101562500000002 0.06066666666666667
4 0.5443828125 0.52696875 0.620234375 0.5505625
0 0.1533671875 0.6253854166666667 0.015296875 0.0791875
0 0.11197656250000002 0.6226770833333333 0.021921875 0.08502083333333334
0 0.225703125 0.62671875 0.0248125 0.06614583333333333
0 0.054867187500000004 0.62365625 0.021296875000000003 0.0735625
0 0.401953125 0.37738541666666664 0.04296875 0.06139583333333333
0 0.5824765625 0.6112604166666668 0.026390625 0.0379375
0 0.036890625 0.6283020833333334 0.025406250000000005 0.08456250000000001
0 0.073234375 0.6288750000000001 0.020125000000000004 0.0805
0 0.17790625000000002 0.6253854166666667 0.027000000000000003 0.08010416666666667
0 0.8080234375 0.45609374999999996 0.021296875000000003 0.04027083333333333
0 0.78028125 0.44946875000000003 0.0246875 0.04622916666666667
0 0.021734375 0.6297395833333334 0.025500000000000002 0.07493749999999999
2 0.98128125 0.5971875000000001 0.037375000000000005 0.0385
0 0.0080859375 0.6216875 0.016171875 0.08083333333333333
0 0.60859375 0.4114583333333333 0.3171875 0.11041666666666666
