0 0.31145312500000005 0.39366666666666666 0.03375 0.13595833333333335
0 0.05615625 0.6791666666666667 0.11084375 0.6404166666666666
0 0.7867265625000001 0.382 0.021359375 0.09408333333333332
0 0.8304296875000001 0.3858333333333333 0.016234375000000002 0.090125
0 0.8471718749999999 0.39180208333333333 0.025812500000000002 0.09847916666666667
0 0.8970234375000001 0.39707291666666666 0.017859375 0.09281249999999999
0 0.9082109375 0.4010520833333333 0.031859375 0.10710416666666665
0 0.385953125 0.6056145833333334 0.205625 0.6763958333333333
0 0.9669453125 0.404625 0.031109375 0.12458333333333332
0 0.6851484375000001 0.3703125 0.018546875 0.07616666666666667
0 0.8783593750000002 0.39434375 0.02090625 0.10164583333333332
0 0.772046875 0.38311458333333337 0.016875 0.08802083333333333
0 0.0331171875 0.41748958333333336 0.066234375 0.22447916666666667
0 0.62109375 0.3885416666666667 0.7546875000000001 0.15208333333333332
