0 0.4100729166666667 0.708421875 0.06864583333333334 0.07387500000000001
0 0.03873958333333333 0.8589453125000001 0.07314583333333333 0.250546875
0 0.8860937500000001 0.8348203125 0.06110416666666666 0.18004687500000002
0 0.1523645833333333 0.9081015625 0.09781250000000001 0.183796875
0 0.30253125000000003 0.9643593749999999 0.11814583333333334 0.07128125
0 0.3213229166666666 0.7082109375000001 0.04302083333333333 0.041328125
0 0.7057708333333332 0.8812578125 0.14883333333333332 0.236578125
0 0.82846875 0.8840546874999999 0.10389583333333333 0.23189062500000002
0 0.4886041666666667 0.8863515625 0.0925 0.227296875
0 0.13560416666666666 0.8682500000000002 0.07158333333333333 0.2635
0 0.10905208333333333 0.8660546875 0.04114583333333333 0.221890625
0 0.27740625 0.95015625 0.08077083333333333 0.03175
