0 0.92771875 0.5820104166666666 0.07465625000000001 0.30756249999999996
0 0.5988046874999999 0.7534479166666668 0.14479687500000002 0.43772916666666667
0 0.36260156250000003 0.8618020833333332 0.149390625 0.2763958333333333
0 0.19803125000000002 0.6876354166666666 0.17696875 0.3415625
0 0.8516406249999999 0.07165625 0.0191875 0.0576875
0 0.06165625 0.6655416666666667 0.1233125 0.39866666666666667
0 0.766859375 0.5483125 0.09775 0.33708333333333335
0 0.6758437500000001 0.5337083333333333 0.1045 0.3303333333333333
0 0.5996328125 0.5081354166666666 0.12489062500000002 0.20972916666666666
0 0.4395703125 0.6518125 0.177609375 0.3465416666666667
0 0.47128125000000004 0.6332708333333333 0.08240625000000001 0.3392916666666667
0 0.8131875000000002 0.5537708333333333 0.054375 0.2996666666666667
0 0.8702578125000001 0.5275729166666667 0.069109375 0.2785625
0 0.49921875000000004 0.49374999999999997 0.9984375000000001 0.9874999999999999
