0 0.1343359375 0.6210187353629977 0.268671875 0.33782201405152223
0 0.08442968750000002 0.4314988290398126 0.04089062500000001 0.11428571428571428
0 0.46381249999999996 0.6291217798594848 0.0166875 0.08517564402810304
0 0.5383359375000001 0.6434309133489462 0.010453125 0.054074941451990634
0 0.6660234375 0.6401873536299766 0.012984375000000001 0.058173302107728336
0 0.7115703125 0.6350468384074942 0.017078125 0.07262295081967214
0 0.35196875 0.6215456674473068 0.03828125 0.0961592505854801
0 0.33651562500000004 0.6478805620608898 0.0085625 0.04714285714285714
0 0.32567968750000004 0.6412997658079627 0.012453125 0.05964871194379391
0 0.5086015625 0.6085480093676815 0.018015625 0.05039812646370023
0 0.80903125 0.6392505854800937 0.01928125 0.06074941451990633
0 0.9921640625000001 0.6251873536299766 0.015671875 0.08395784543325527
0 0.7958437500000001 0.6425058548009368 0.01065625 0.0502576112412178
