0 0.66486 0.7752702702702703 0.04456 0.18663663663663663
0 0.15444 0.6141441441441441 0.00956 0.03177177177177177
0 0.20497 0.6069819819819819 0.01238 0.040210210210210214
0 0.14255 0.5891441441441442 0.00654 0.029159159159159162
0 0.34641 0.5746546546546547 0.00442 0.0206006006006006
0 0.38582 0.5832582582582583 0.016120000000000002 0.021591591591591592
0 0.42628000000000005 0.5746846846846847 0.004240000000000001 0.022462462462462463
0 0.6280600000000001 0.5725525525525526 0.00564 0.011591591591591592
0 0.57977 0.5631081081081081 0.0063 0.01822822822822823
0 0.08281000000000001 0.586006006006006 0.00562 0.02192192192192192
0 0.07093 0.5930930930930931 0.009859999999999999 0.02924924924924925
0 0.5737300000000001 0.5693843843843843 0.00454 0.014624624624624626
0 0.22748 0.5838288288288288 0.00668 0.01708708708708709
0 0.303 0.575075075075075 0.442 0.07507507507507508
