4 0.44163281249999997 0.5352866242038217 0.559203125 0.6159660297239915
0 0.7861796875 0.7138747346072187 0.052421875 0.22528662420382164
0 0.9808046874999999 0.7468152866242038 0.038390625000000005 0.2448832271762208
0 0.9476484374999998 0.7119002123142251 0.043546875000000006 0.2427813163481953
0 0.611703125 0.6345435244161359 0.053437500000000006 0.1029723991507431
0 0.8765937500000001 0.7174097664543524 0.0409375 0.21719745222929934
0 0.7309140625 0.709936305732484 0.025796875000000004 0.22331210191082804
0 0.10514843750000001 0.6520594479830149 0.023828125000000002 0.07312101910828026
0 0.071609375 0.6443949044585987 0.011375000000000001 0.06123142250530785
0 0.6773281250000001 0.6418789808917197 0.03840625 0.09127388535031847
0 0.04195312500000001 0.646072186836518 0.015312500000000001 0.07031847133757961
