0 0.2850625 0.67446875 0.033531250000000005 0.08939583333333333
0 0.6879765625 0.6832708333333334 0.021984375 0.08454166666666667
0 0.18549218750000002 0.7021562499999999 0.051796875 0.07947916666666666
0 0.16700781250000002 0.6678125 0.015328125000000001 0.06854166666666667
0 0.33486718750000005 0.67840625 0.027984375000000002 0.08822916666666666
0 0.46576562499999996 0.6441145833333334 0.013093750000000001 0.05397916666666667
0 0.31209375000000006 0.6645416666666667 0.021562500000000002 0.07104166666666667
0 0.5268906250000001 0.6409166666666666 0.013250000000000001 0.04579166666666667
0 0.5483046875 0.7237083333333333 0.067765625 0.126875
0 0.6513203125 0.6708541666666666 0.037328125000000004 0.10616666666666667
0 0.8454062500000001 0.753125 0.05225 0.21145833333333333
0 0.49245312499999994 0.6656666666666667 0.02840625 0.08274999999999999
0 0.8081718750000001 0.7371354166666666 0.041843750000000006 0.2133125
0 0.675 0.709375 0.55625 0.21041666666666667
