2 0.75446875 0.386615925058548 0.0995 0.08133489461358313
2 0.8292578125000001 0.3579625292740047 0.072234375 0.042576112412177985
2 0.9789687500000002 0.40288056206088996 0.0420625 0.06098360655737705
2 0.31578125 0.36604215456674477 0.055968750000000005 0.05161592505854801
2 0.268609375 0.3599180327868853 0.044812500000000005 0.049765807962529274
6 0.38728125 0.36361826697892274 0.0914375 0.06962529274004683
0 0.59778125 0.51923887587822 0.18059375 0.5413817330210773
0 0.8525078124999999 0.48322014051522244 0.090015625 0.2842857142857143
0 0.11463281250000001 0.4567213114754098 0.10720312500000001 0.3168149882903981
2 0.827578125 0.4002810304449649 0.06015625 0.054098360655737705
2 0.9165390625000001 0.359695550351288 0.07685937500000001 0.046604215456674467
2 0.6967500000000001 0.39215456674473065 0.039843750000000004 0.0585480093676815
2 0.9194296875 0.40024590163934426 0.075109375 0.07309133489461359
2 0.69603125 0.35131147540983604 0.03603125 0.02388758782201405
2 0.45181250000000006 0.374016393442623 0.0426875 0.05440281030444965
2 0.5538359375 0.3445433255269321 0.046296875 0.02313817330210773
2 0.765625 0.3770491803278688 0.45 0.1592505854800937
