0 0.7313749999999999 0.6043984375 0.34312499999999996 0.753953125
0 0.46934375 0.37779687500000003 0.11214583333333333 0.045187500000000005
0 0.5349895833333332 0.3655 0.08789583333333333 0.0578125
0 0.6048958333333333 0.372109375 0.07141666666666667 0.051625000000000004
0 0.8919583333333334 0.318328125 0.06941666666666667 0.09668750000000001
0 0.9771770833333332 0.53484375 0.04564583333333333 0.12428125000000001
0 0.60790625 0.3119453125 0.050812500000000003 0.066703125
0 0.8913854166666667 0.3921640625 0.07977083333333333 0.091640625
0 0.9649895833333333 0.31702343750000006 0.07002083333333334 0.111796875
0 0.9471666666666666 0.45191406250000005 0.09554166666666666 0.18339062500000003
0 0.5882395833333334 0.316078125 0.07677083333333333 0.06543750000000001
