1 0.5857734375 0.8363934426229508 0.465453125 0.3045433255269321
1 0.536953125 0.9165807962529274 0.042406250000000006 0.1668384074941452
0 0.26987500000000003 0.573032786885246 0.290875 0.8314519906323184
0 0.1499765625 0.502096018735363 0.072859375 0.3498126463700234
0 0.0766953125 0.4799180327868853 0.12735937500000002 0.3526697892271663
0 0.9128750000000001 0.5146487119437939 0.09768750000000001 0.45946135831381735
0 0.8034531250000001 0.4417447306791569 0.0900625 0.30030444964871195
0 0.6626875000000001 0.4044847775175644 0.08396875000000001 0.24269320843091333
0 0.96915625 0.34810304449648716 0.0616875 0.20955503512880563
0 0.5204062500000001 0.4494145199063232 0.10203125 0.41882903981264635
0 0.4272265625 0.48566744730679157 0.056859375000000004 0.37288056206088993
0 0.4474921875000001 0.4557494145199063 0.05657812500000001 0.3165573770491803
0 0.8279765625 0.3231967213114754 0.039078125000000005 0.09459016393442624
0 0.6933515625000001 0.369344262295082 0.039234375 0.16880562060889928
0 0.8556718750000001 0.36428571428571427 0.025687500000000002 0.11686182669789227
0 0.48203125 0.4718969555035129 0.9640625 0.41451990632318503
