0 0.4793984375 0.6078621495327102 0.189359375 0.7842757009345794
0 0.275765625 0.5573014018691589 0.18484375 0.6921261682242991
0 0.1435390625 0.3795093457943925 0.072265625 0.2060747663551402
2 0.6850703125000001 0.46489485981308404 0.092265625 0.13109813084112149
2 0.9680703125 0.4846028037383177 0.063859375 0.09560747663551401
2 0.9271171875 0.4750817757009345 0.07832812500000001 0.08212616822429905
2 0.8809687500000001 0.4646261682242991 0.06556250000000001 0.07163551401869159
2 0.8565859375000001 0.45141355140186906 0.056703125 0.07189252336448597
2 0.8261953125 0.44878504672897196 0.032140625 0.06467289719626168
0 0.1019375 0.5729906542056075 0.203875 0.8529439252336448
2 0.7912421875 0.44578271028037375 0.037328125000000004 0.04950934579439252
2 0.7738281250000001 0.43737149532710273 0.04756250000000001 0.052032710280373824
2 0.744671875 0.4394042056074766 0.027625 0.0439018691588785
2 0.8152890625 0.44536214953271025 0.032296875 0.061985981308411216
