6 0.509234375 0.819 0.8909375000000002 0.362
0 0.013031250000000001 0.7913958333333333 0.0200625 0.11316666666666667
0 0.088765625 0.7895833333333333 0.01978125 0.09391666666666666
0 0.03653125000000001 0.7871666666666667 0.0234375 0.109
0 0.1090625 0.76496875 0.026750000000000003 0.0449375
0 0.23639843750000003 0.7452916666666667 0.017546875 0.02175
0 0.2584296875 0.7418854166666667 0.018921875 0.028854166666666667
2 0.9712109375 0.8857083333333333 0.05757812500000001 0.19004166666666666
0 0.2958046875 0.7441145833333334 0.018203125 0.018395833333333333
0 0.32286718750000004 0.7453749999999999 0.015984375000000002 0.018541666666666668
0 0.18395312500000002 0.74778125 0.014406250000000002 0.0219375
0 0.22230468750000001 0.7490833333333333 0.018421875 0.02075
0 0.3980078125 0.7408020833333333 0.013515625000000002 0.02272916666666667
0 0.8622343750000001 0.7248229166666665 0.01253125 0.029812500000000002
0 0.4093984375 0.7418645833333334 0.010890625000000001 0.020187499999999997
0 0.20546875 0.7520833333333333 0.2890625 0.0625
