2 0.1560304449648712 0.8537656250000002 0.20484777517564404 0.10684375
2 0.2638290398126464 0.7839140625000001 0.0798360655737705 0.04479687500000001
2 0.05050351288056206 0.759 0.03702576112412178 0.015437500000000002
2 0.1059016393442623 0.7567187500000001 0.029039812646370025 0.0161875
2 0.2412529274004684 0.8081718750000001 0.10540983606557376 0.08731250000000002
2 0.2828805620608899 0.7652187500000001 0.07395784543325526 0.02375
2 0.08463700234192037 0.7573203125000001 0.023512880562060887 0.011890625000000002
2 0.13166276346604217 0.7579296875000001 0.02440281030444965 0.011046875000000001
2 0.1893793911007026 0.8268203125 0.16264637002341922 0.083328125
2 0.1827166276346604 0.778984375 0.11512880562060888 0.026625
2 0.2698594847775176 0.7778281250000001 0.09007025761124123 0.04259375000000001
2 0.07195550351288056 0.75746875 0.021194379391100703 0.0121875
