0 0.0088984375 0.6034166666666667 0.017796875 0.04744444444444444
0 0.0904375 0.6162638888888889 0.04453125 0.0636388888888889
0 0.18025781250000003 0.5863194444444444 0.044421875 0.20486111111111113
0 0.37107031250000005 0.633263888888889 0.051234375 0.17319444444444446
0 0.41203125 0.5250416666666666 0.0231875 0.06797222222222223
0 0.442015625 0.5944027777777777 0.0238125 0.15330555555555556
0 0.0291875 0.3826111111111111 0.01153125 0.041277777777777774
0 0.40439843750000004 0.6028611111111112 0.029328125 0.13033333333333336
0 0.0028515625 0.3805 0.005703125 0.03961111111111111
0 0.10161718750000003 0.3775555555555556 0.003109375 0.025666666666666667
