0 0.4692812500000001 0.6378220140515223 0.22790625000000003 0.6966276346604215
0 0.6125 0.6137002341920373 0.28750000000000003 0.772599531615925
0 0.3419296875 0.6077634660421546 0.049578125 0.10274004683840748
0 0.13031250000000003 0.5984426229508197 0.04681250000000001 0.13562060889929742
0 0.1766875 0.5234426229508197 0.018125 0.12936768149882905
0 0.15130468750000003 0.5243559718969555 0.029578125 0.12355971896955503
0 0.0105625 0.5746252927400468 0.021125 0.1266744730679157
0 0.18828125 0.514543325526932 0.029062500000000005 0.15245901639344261
2 0.9280546875 0.5293676814988291 0.094609375 0.052880562060889924
2 0.20974218750000004 0.4967213114754098 0.014046875 0.015971896955503512
