0 0.74416 0.5595 0.18012 0.5771818181818181
0 0.50838 0.6531515151515153 0.1992 0.5112727272727273
0 0.22371 0.5439242424242424 0.14122 0.731969696969697
0 0.7837099999999999 0.21774242424242427 0.05162 0.13099999999999998
0 0.27955 0.14412121212121212 0.0131 0.047636363636363636
0 0.48708 0.15854545454545454 0.0158 0.0723030303030303
0 0.8307300000000001 0.17027272727272727 0.014580000000000001 0.09096969696969696
0 0.1703 0.13448484848484846 0.01656 0.06042424242424243
0 0.74046 0.1751818181818182 0.020640000000000002 0.08333333333333333
2 0.07539 0.12878787878787878 0.10822 0.04515151515151515
0 0.28279000000000004 0.16736363636363635 0.01114 0.007151515151515151
0 0.08245999999999999 0.1691666666666667 0.010920000000000001 0.0486969696969697
