0 0.668953125 0.5670622568093385 0.46865625 0.865875486381323
0 0.3880703125 0.5762256809338522 0.108359375 0.39140077821011676
0 0.22292968750000003 0.3784533073929961 0.062859375 0.14682879377431907
0 0.0805 0.3577431906614786 0.0605625 0.0991828793774319
0 0.0825703125 0.3088910505836576 0.071359375 0.09785992217898833
0 0.22380468750000004 0.2955739299610895 0.084984375 0.15219844357976656
0 0.26494531250000003 0.24118677042801556 0.070734375 0.10642023346303503
0 0.1772890625 0.5619844357976654 0.127953125 0.3834630350194552
0 0.05017968750000001 0.5560311284046692 0.098828125 0.39326848249027235
0 0.9337734375000001 0.26911478599221794 0.072265625 0.10173151750972763
0 0.27221875 0.44535019455252917 0.08746875 0.21241245136186773
0 0.11774218749999998 0.5170136186770428 0.052640624999999996 0.07021400778210117
0 0.1459296875 0.3941634241245136 0.063296875 0.12280155642023347
0 0.5 0.39688715953307396 0.9968750000000001 0.7937743190661479
