0 0.9211015625000001 0.6314754098360655 0.11185937500000001 0.3205620608899297
0 0.21735937500000002 0.5185831381733021 0.0198125 0.13140515222482435
0 0.23953906249999998 0.5003395784543325 0.030109375 0.12011709601873537
0 0.271453125 0.48889929742388755 0.03103125 0.085807962529274
0 0.5736484375 0.710480093676815 0.099046875 0.32105386416861825
0 0.3478671875 0.46368852459016396 0.019359375 0.06807962529274005
0 0.44796875 0.5041686182669789 0.030125000000000002 0.09292740046838407
0 0.3995703125 0.5101639344262294 0.030390625 0.09213114754098362
0 0.6814062500000001 0.5197072599531617 0.03903125 0.1359016393442623
0 0.8084296875 0.49326697892271665 0.015421875 0.10597189695550352
0 0.19394531250000002 0.5458430913348946 0.066453125 0.1959016393442623
0 0.8006093750000001 0.494344262295082 0.01584375 0.09875878220140516
1 0.4231796875 0.48337236533957845 0.018234375 0.047540983606557376
0 0.064953125 0.5214637002341921 0.03478125000000001 0.12859484777517563
0 0.44062500000000004 0.5 0.853125 0.17096018735362997
