0 0.339609375 0.3536885245901639 0.046968750000000004 0.0778688524590164
0 0.49278125 0.3547658079625293 0.030156250000000002 0.05398126463700234
0 0.0888671875 0.44832552693208433 0.068578125 0.3375409836065574
0 0.194796875 0.45895784543325524 0.0834375 0.30091334894613586
0 0.26414062499999996 0.4278454332552693 0.08518750000000001 0.3664168618266979
0 0.41190625000000003 0.3387002341920375 0.048375 0.06362997658079626
0 0.47909375000000004 0.34872365339578454 0.014843750000000001 0.05271662763466042
0 0.047226562500000006 0.47078454332552694 0.07945312500000001 0.3707962529274005
0 0.690703125 0.4505386416861827 0.05928125 0.22365339578454332
0 0.46986718750000006 0.34954332552693207 0.039171875 0.049063231850117094
0 0.9666796875000001 0.5715105386416862 0.053390625000000004 0.32391100702576114
0 0.5528671875000001 0.33195550351288056 0.085484375 0.0880327868852459
0 0.30234375 0.3711943793911007 0.0546875 0.09601873536299765
