2 0.050890000000000005 0.49438438438438437 0.09578 0.08990990990990991
0 0.25927999999999995 0.5075675675675676 0.08216 0.23285285285285287
0 0.18283000000000002 0.5359309309309309 0.07454000000000001 0.30471471471471473
0 0.12754 0.523048048048048 0.06548000000000001 0.27666666666666667
2 0.6938000000000001 0.5365915915915916 0.20772000000000002 0.12165165165165165
2 0.55861 0.5248048048048047 0.0637 0.07027027027027026
6 0.73638 0.48867867867867865 0.05 0.08318318318318318
0 0.33303 0.5058258258258258 0.0629 0.18822822822822824
0 0.42492 0.526006006006006 0.04464 0.1908108108108108
2 0.50729 0.5115015015015015 0.03706 0.037657657657657655
