2 0.6345234375 0.6939695550351288 0.06035937500000001 0.01782201405152225
4 0.513359375 0.6668266978922717 0.1165 0.0719672131147541
0 0.38875781249999997 0.698032786885246 0.009890625 0.02407494145199063
0 0.3648203125 0.6965339578454333 0.008171875 0.027962529274004683
0 0.539859375 0.6980679156908665 0.012875000000000001 0.02882903981264637
0 0.5548749999999999 0.6973653395784544 0.014156250000000002 0.029765807962529277
0 0.27902343749999997 0.6962763466042154 0.016203125 0.02430913348946136
0 0.023429687500000004 0.6915925058548009 0.018734375 0.03540983606557377
0 0.5086171875000001 0.8615222482435596 0.017703125 0.023559718969555037
0 0.26284375 0.6973887587822014 0.01259375 0.024847775175644026
0 0.17648437500000003 0.8022716627634661 0.0205625 0.035784543325526934
0 0.45427343749999993 0.8741451990632318 0.013953125 0.036065573770491806
0 0.5142890625 0.6977049180327869 0.012484375 0.026697892271662763
0 0.5267421875 0.699367681498829 0.010453125 0.022201405152224827
0 0.0388828125 0.694168618266979 0.012140625 0.01920374707259953
2 0.7435 0.7047775175644028 0.035437500000000004 0.017142857142857144
0 0.48203125 0.788056206088993 0.1296875 0.2224824355971897
