6 0.4972968750000001 0.42881250000000004 0.9724062500000001 0.6120833333333333
0 0.3899765625 0.3645833333333333 0.207734375 0.32875000000000004
0 0.9398984375 0.5492604166666666 0.092265625 0.29752083333333335
0 0.9012812499999999 0.5638854166666667 0.05834375000000001 0.21839583333333332
0 0.31086718750000003 0.33636458333333336 0.028984375000000003 0.0619375
0 0.9142578125 0.39345833333333335 0.075734375 0.14516666666666667
0 0.3405078125 0.3173125 0.027953125000000002 0.07704166666666666
0 0.41965625 0.2829375 0.04384375 0.06666666666666667
0 0.23717187500000003 0.2792604166666667 0.0406875 0.0751875
0 0.5193515625 0.256625 0.08576562500000001 0.15558333333333335
0 0.292953125 0.30632291666666667 0.0253125 0.0486875
0 0.8179218750000001 0.3078333333333333 0.0335625 0.0455
0 0.8904375 0.5706770833333333 0.07825 0.14839583333333334
0 0.24066406250000003 0.33229166666666665 0.052109375000000006 0.09095833333333332
