0 0.483109375 0.8537604166666667 0.097875 0.2924791666666666
0 0.586296875 0.8593645833333333 0.10387500000000001 0.2781875
0 0.7061796875 0.8411979166666667 0.067421875 0.28989583333333335
0 0.8652421875000003 0.8579479166666667 0.092390625 0.28410416666666666
0 0.29538281250000004 0.8019791666666666 0.08895312500000001 0.27575000000000005
0 0.13982031250000002 0.6810416666666667 0.04454687500000001 0.21
0 0.194703125 0.6633541666666666 0.039843750000000004 0.163125
0 0.10617968750000001 0.7505833333333333 0.026140625 0.13554166666666667
0 0.3881171875 0.6985208333333334 0.054203125 0.19295833333333334
0 0.6608984375 0.683875 0.031859375 0.21804166666666666
0 0.054054687500000004 0.8141875 0.10135937500000002 0.371625
0 0.09703125 0.6381770833333333 0.039656250000000004 0.13539583333333333
0 0.40770312500000006 0.8482083333333333 0.11781250000000001 0.2985833333333333
0 0.5 0.4510416666666667 0.95625 0.76875
