0 0.221140625 0.5618032786885245 0.32834375 0.48088992974238876
0 0.3226171875 0.11378220140515223 0.067953125 0.21697892271662764
0 0.44282812499999996 0.11162763466042154 0.06784375000000001 0.2134192037470726
0 0.8425234375000001 0.14040983606557378 0.090109375 0.28081967213114756
0 0.9426796875 0.18640515222482434 0.07632812500000001 0.3431615925058548
0 0.6716640625000001 0.03789227166276347 0.047328125 0.07578454332552693
0 0.1779609375 0.06604215456674474 0.034078125 0.131288056206089
0 0.8815859375000001 0.1346135831381733 0.074046875 0.2633723653395784
0 0.8103828125 0.12015222482435597 0.072453125 0.24030444964871195
0 0.4042265625 0.08423887587822014 0.036796875 0.16847775175644028
0 0.7631328125000001 0.08195550351288057 0.031828125000000006 0.16194379391100705
0 0.11614843749999999 0.8884777517564403 0.23229687499999999 0.22304449648711944
0 0.726515625 0.0841334894613583 0.05275 0.16559718969555035
0 0.671875 0.3559718969555035 0.6531250000000001 0.6416861826697893
