0 0.447375 0.447728337236534 0.06003125000000001 0.19072599531615925
0 0.29315625 0.4707728337236534 0.06381250000000001 0.2388290398126464
0 0.17735156250000003 0.4046487119437939 0.025328125000000003 0.06395784543325526
0 0.2092421875 0.4013934426229508 0.014203125 0.042177985948477756
0 0.06509375 0.23412177985948482 0.004750000000000001 0.01423887587822014
0 0.06686718750000001 0.3073887587822014 0.010796875000000001 0.02297423887587822
0 0.072171875 0.20978922716627635 0.0074687500000000006 0.022903981264637
0 0.6266796875 0.3973653395784544 0.015984375000000002 0.052060889929742386
0 0.22225000000000003 0.40546838407494146 0.010625 0.05243559718969555
0 0.30817187500000004 0.219344262295082 0.007375 0.024637002341920372
0 0.0074609375000000006 0.33596018735363 0.008890625000000001 0.01651053864168618
0 0.2545859375 0.1961241217798595 0.009984375 0.026206088992974236
0 0.6373671875000001 0.4009718969555035 0.010140625 0.03018735362997658
0 0.59140625 0.2224824355971897 0.7140625 0.11241217798594848
