2 0.9705648535564853 0.7126796875000001 0.05887029288702929 0.057671875
4 0.4931380753138075 0.7380000000000001 0.986276150627615 0.30634375
0 0.335031380753138 0.7043203125 0.042029288702928866 0.037515625000000004
0 0.47332635983263593 0.6980078125000001 0.023598326359832632 0.039015625
0 0.6511924686192467 0.6920937500000001 0.03615062761506276 0.0315
0 0.8726464435146443 0.6936484375 0.027803347280334723 0.039890625000000006
0 0.4139225941422594 0.701265625 0.031861924686192464 0.037125000000000005
0 0.5635460251046025 0.6953203125000001 0.025460251046025104 0.023546875000000002
0 0.5372384937238494 0.6982656250000001 0.025397489539748953 0.030406250000000003
0 0.6904184100418409 0.6929062500000001 0.03138075313807531 0.031968750000000004
