0 0.5899296875000001 0.6249648711943794 0.021015625 0.032412177985948476
0 0.72940625 0.6674121779859485 0.0075 0.04494145199063232
0 0.5206406250000001 0.3799882903981264 0.0053750000000000004 0.03224824355971897
0 0.5262109375 0.37450819672131147 0.008109375 0.03299765807962529
0 0.3047265625 0.3706088992974239 0.010234375 0.03199063231850117
0 0.7214921875 0.6649765807962529 0.013265625000000001 0.03978922716627634
0 0.5446796875 0.40652224824355965 0.008671875 0.03519906323185012
0 0.7170078125 0.4277049180327869 0.007515625 0.02252927400468384
0 0.5338203125 0.4076463700234192 0.009796875 0.024566744730679158
0 0.7509140625000001 0.4157494145199063 0.004640625000000001 0.01693208430913349
0 0.16546093750000002 0.8380093676814988 0.044734375 0.042810304449648715
