1 0.8078333333333334 0.7392500000000001 0.086625 0.1039375
0 0.41783333333333333 0.7564062500000001 0.17479166666666668 0.29325
0 0.3326145833333333 0.671203125 0.058687500000000004 0.060312500000000005
0 0.7506666666666666 0.7010000000000001 0.07037500000000001 0.178125
0 0.10336458333333333 0.6866328125000001 0.010437499999999999 0.029828125
0 0.015552083333333333 0.6853750000000001 0.017604166666666664 0.03840625
0 0.03729166666666667 0.686953125 0.01225 0.037
0 0.08551041666666667 0.68628125 0.0168125 0.0315
0 0.5947395833333332 0.6738671875 0.02685416666666667 0.04535937500000001
2 0.13185416666666666 0.6894609375 0.08345833333333334 0.029390625
0 0.3140625 0.6859921875000001 0.02575 0.057609375
