0 0.17065625 0.7508782201405152 0.033625 0.13501170960187353
0 0.24382812500000003 0.47252927400468386 0.0118125 0.049133489461358315
0 0.27853125 0.5600819672131148 0.0234375 0.09604215456674473
0 0.2566171875 0.4821545667447307 0.015296875 0.05522248243559719
0 0.34501562500000005 0.5484192037470726 0.0235 0.09978922716627635
0 0.22703125000000002 0.4255269320843092 0.009375000000000001 0.03550351288056206
0 0.34916406250000004 0.39970725995316164 0.009671875000000002 0.022365339578454334
0 0.2686484375 0.4747775175644028 0.015453125000000002 0.06252927400468383
2 0.8911093750000001 0.5366393442622951 0.0885625 0.04826697892271663
0 0.21920312500000005 0.4146838407494145 0.006125 0.03348946135831382
0 0.19287500000000002 0.38662763466042155 0.005687500000000001 0.018594847775175644
0 0.48769531250000003 0.4600585480093677 0.018015625 0.03941451990632318
0 0.19785156250000002 0.3864285714285714 0.0044218750000000005 0.012997658079625293
2 0.7275078125 0.48284543325526935 0.009421875000000001 0.028688524590163935
