2 0.22124218750000002 0.826323851203501 0.10770312500000001 0.18275711159737418
2 0.7993359375 0.8728336980306345 0.40132812500000004 0.25433260393873086
2 0.018882812500000002 0.8376805251641137 0.037765625000000004 0.12722100656455143
2 0.2679765625 0.8123522975929978 0.118734375 0.17752735229759298
2 0.4822656250000001 0.8161487964989058 0.022375000000000003 0.023326039387308532
2 0.5847031250000001 0.8236652078774616 0.022593750000000003 0.02474835886214442
2 0.4492109375 0.8166301969365426 0.015265625 0.01435448577680525
2 0.46335156250000004 0.8184135667396061 0.010671875 0.012013129102844638
2 0.5669453125 0.818238512035011 0.027046874999999998 0.026980306345733042
2 0.10975000000000001 0.8432166301969366 0.20403125000000003 0.2212253829321663
