0 0.5085948477751757 0.3561796875 0.49850117096018737 0.680890625
0 0.6978337236533958 0.49535156250000006 0.17 0.152109375
0 0.8121545667447306 0.3533046875 0.1511007025761124 0.129609375
0 0.8919555035128806 0.3798359375 0.09997658079625292 0.072109375
0 0.9757845433255269 0.329796875 0.048430913348946135 0.1736875
0 0.2732435597189696 0.31828125 0.16714285714285715 0.16653125000000002
0 0.18895784543325528 0.4267265625000001 0.11833723653395785 0.149140625
0 0.28408665105386416 0.38467968750000003 0.09309133489461359 0.069703125
0 0.05489461358313818 0.45401562500000003 0.10978922716627636 0.15553125
0 0.052096018735363 0.5461484375000001 0.104192037470726 0.137703125
0 0.2900936768149883 0.45721875 0.1195784543325527 0.16884375000000001
0 0.37259953161592513 0.4143671875 0.05967213114754098 0.06501562500000001
0 0.4518735362997658 0.539828125 0.1326463700234192 0.149875
0 0.4203747072599532 0.44062500000000004 0.747072599531616 0.34687500000000004
