0 0.890875 0.740035294117647 0.21471874999999999 0.4989411764705882
0 0.632484375 0.5779882352941176 0.033281250000000005 0.03870588235294117
0 0.2996171875 0.5700588235294117 0.012015625000000002 0.015035294117647056
0 0.27810937500000005 0.5749529411764706 0.040531250000000005 0.04345882352941176
0 0.1740625 0.8198588235294116 0.23093750000000002 0.18588235294117644
0 0.4095546875 0.5705882352941176 0.031578125000000005 0.0832
0 0.5499218750000001 0.7469529411764705 0.039781250000000004 0.06896470588235293
0 0.6365859375 0.6020117647058822 0.037984375 0.021199999999999997
0 0.2277109375 0.624270588235294 0.091390625 0.10491764705882353
0 0.729046875 0.6567999999999999 0.035562500000000004 0.04922352941176471
0 0.49675 0.6273764705882352 0.10059375 0.11418823529411765
0 0.373421875 0.5863647058823529 0.01190625 0.012258823529411763
