1 0.6764999999999999 0.6529148936170213 0.31731818181818183 0.19370212765957448
2 0.21243181818181817 0.5243510638297872 0.2616363636363636 0.11010638297872341
2 0.5303068181818181 0.5080851063829787 0.11097727272727272 0.06982978723404255
0 0.37157954545454547 0.43887234042553197 0.11415909090909089 0.18480851063829787
0 0.8047045454545454 0.5072340425531915 0.052636363636363634 0.1473191489361702
0 0.9059886363636362 0.5038297872340426 0.050022727272727274 0.13242553191489362
2 0.08628409090909091 0.5183617021276595 0.1273409090909091 0.07238297872340427
2 0.027181818181818182 0.5062021276595745 0.054363636363636364 0.06210638297872341
2 0.462875 0.4987340425531915 0.05470454545454545 0.0967872340425532
6 0.8378636363636364 0.5047978723404255 0.3050909090909091 0.12325531914893617
0 0.6463522727272727 0.5530531914893617 0.24920454545454546 0.30559574468085104
2 0.4749090909090909 0.47439361702127664 0.02186363636363636 0.027638297872340425
2 0.13918181818181818 0.49160638297872344 0.04654545454545454 0.027127659574468086
6 0.6351249999999999 0.43172340425531913 0.20093181818181816 0.08497872340425532
