0 0.34521875 0.6022477064220183 0.57103125 0.7955045871559633
0 0.8932812500000001 0.44606651376146794 0.1576875 0.4202064220183487
0 0.1934140625 0.23553899082568808 0.11876562500000001 0.2604357798165138
0 0.5184062500000001 0.16655963302752297 0.09196875 0.1456422018348624
0 0.3345234375 0.21946100917431194 0.089921875 0.22818807339449543
0 0.8310703125000001 0.2003784403669725 0.10179687500000001 0.21332568807339453
0 0.9702734375000001 0.19819954128440367 0.059453124999999996 0.23873853211009177
0 0.28091406250000006 0.22135321100917432 0.06889062500000001 0.20899082568807342
0 0.22431250000000003 0.12188073394495413 0.03790625 0.07711009174311927
0 0.7601953125 0.19783256880733946 0.078296875 0.21557339449541285
0 0.059703125 0.21685779816513762 0.11328125 0.24495412844036699
0 0.40614062500000003 0.20982798165137614 0.1365 0.22970183486238535
0 0.6757656249999999 0.1820298165137615 0.1076875 0.26020642201834865
0 0.5 0.16743119266055045 0.9968750000000001 0.3348623853211009
