0 0.8462265625 0.125 0.010640625 0.049765807962529274
0 0.9823124999999999 0.14101873536299767 0.014249999999999999 0.055058548009367686
0 0.8804765625000001 0.11201405152224823 0.006828125000000001 0.011896955503512881
0 0.8136953125 0.11681498829039813 0.009921875 0.049836065573770495
0 0.8026796875 0.10234192037470727 0.009765625 0.025339578454332552
0 0.7316640625000002 0.2393325526932084 0.029984375000000004 0.06967213114754098
0 0.5571171875 0.06036299765807962 0.0063593750000000004 0.017353629976580798
0 0.5438046875000001 0.05430913348946136 0.004078125 0.020327868852459016
0 0.7932734375000001 0.10323185011709601 0.010265625 0.02810304449648712
0 0.8713593749999999 0.11073770491803278 0.006 0.016978922716627636
0 0.508484375 0.0522599531615925 0.00671875 0.023629976580796252
0 0.5180078124999999 0.0526463700234192 0.005546875 0.026791569086651052
