0 0.6324500000000001 0.519099099099099 0.7351000000000001 0.9572972972972972
0 0.09579000000000001 0.5584234234234233 0.18858000000000003 0.6179879879879879
0 0.26195 0.6758258258258257 0.048740000000000006 0.06348348348348348
0 0.3079 0.7001651651651651 0.04212 0.08195195195195194
0 0.35091 0.6680780780780781 0.032659999999999995 0.0721921921921922
0 0.35827 0.7434084084084084 0.0533 0.11294294294294294
0 0.38372999999999996 0.6622222222222222 0.033299999999999996 0.06258258258258258
0 0.32004000000000005 0.6763963963963964 0.041479999999999996 0.0763963963963964
0 0.2229 0.8481381381381381 0.23204 0.30372372372372375
0 0.39262 0.6857207207207208 0.02876 0.09204204204204204
0 0.11323000000000001 0.8124924924924924 0.21666 0.375015015015015
0 0.33427 0.6268468468468469 0.023379999999999998 0.04102102102102102
0 0.23039 0.703018018018018 0.06486 0.05636636636636636
0 0.168 0.6246246246246246 0.02 0.06606606606606606
