0 0.53325 0.7887676056338028 0.19593750000000001 0.3865023474178404
0 0.374203125 0.8119366197183099 0.23628125 0.3761267605633803
0 0.183671875 0.8021126760563381 0.16690625 0.39140845070422536
0 0.08778906250000001 0.7519366197183099 0.058953124999999995 0.13368544600938967
0 0.1416640625 0.9144131455399062 0.133421875 0.1463849765258216
0 0.05812500000000001 0.8079694835680751 0.11625000000000002 0.37870892018779345
0 0.1035234375 0.7200352112676057 0.049203125 0.17744131455399062
0 0.9557578125000001 0.7147535211267606 0.05417187500000001 0.26922535211267606
0 0.9635859375000001 0.6159154929577465 0.038890625000000005 0.1292018779342723
0 0.9904453125 0.6967136150234742 0.019109375 0.2637558685446009
0 0.2671953125 0.6650704225352113 0.035140625 0.10056338028169015
0 0.6796562500000001 0.7563967136150236 0.015375 0.021901408450704225
