1 0.1718828125 0.8311870503597123 0.23539062500000002 0.33762589928057557
1 0.5741015625 0.8474550359712231 0.32679687500000004 0.30508992805755397
2 0.4530625000000001 0.6627338129496404 0.07900000000000001 0.07025179856115109
2 0.3364453125 0.6724010791366907 0.061234375 0.056636690647482016
0 0.5972421875 0.6130395683453238 0.274703125 0.7686690647482015
0 0.1405625 0.5797751798561152 0.27721875 0.795521582733813
0 0.3057265625 0.667428057553957 0.021921875 0.06920863309352518
0 0.40096093750000006 0.6620863309352518 0.007328125000000001 0.031187050359712233
2 0.7805390625 0.66306654676259 0.050171875000000005 0.03699640287769784
2 0.8651796875000001 0.6608812949640288 0.269640625 0.04028776978417266
0 0.8628671874999999 0.6563669064748202 0.017359375 0.039172661870503604
2 0.28600000000000003 0.6650809352517987 0.01978125 0.02868705035971223
2 0.2609609375 0.6665467625899281 0.044359375000000006 0.08906474820143886
0 0.021734375 0.5519244604316547 0.04346875 0.14025179856115108
