0 0.08901562500000001 0.341625 0.13465625 0.3667916666666667
0 0.21331250000000002 0.25452083333333336 0.20315625000000004 0.2799166666666667
0 0.4478046875000001 0.2658020833333333 0.198078125 0.4966041666666667
0 0.6864218750000001 0.07348958333333333 0.15259375 0.14697916666666666
0 0.5120859375000001 0.06383333333333334 0.05310937500000001 0.10066666666666667
0 0.45789062499999994 0.05088541666666667 0.0701875 0.09714583333333333
0 0.20339062500000005 0.3980104166666667 0.24965625000000002 0.36206249999999995
0 0.5893203124999999 0.12481249999999999 0.142828125 0.24825
0 0.139203125 0.6899062499999999 0.27840625 0.5805208333333333
0 0.8472578125000001 0.21115625000000002 0.298984375 0.2565625
