2 0.5418735362997658 0.5889296875 0.2636065573770492 0.05745312500000001
2 0.22666276346604214 0.5937890625 0.30021077283372366 0.060953125
2 0.9248009367681499 0.5922890625 0.15039812646370024 0.052359375
0 0.35132318501170956 0.7694609375000001 0.2181030444964871 0.461078125
0 0.14250585480093678 0.7776171875000001 0.28501170960187355 0.444765625
0 0.7747892271662764 0.595921875 0.05229508196721311 0.09565625
0 0.6253161592505855 0.5894921875 0.04449648711943794 0.08904687500000001
0 0.687096018735363 0.5928671875 0.05601873536299766 0.08995312500000001
0 0.18988290398126464 0.5619140625 0.023840749414519906 0.021140625
0 0.89384074941452 0.58915625 0.04730679156908665 0.08415625
0 0.8331030444964872 0.5994609375 0.050234192037470725 0.090484375
0 0.48727166276346606 0.5652734375 0.02278688524590164 0.032609375
0 0.6633489461358314 0.5636562500000001 0.024543325526932086 0.01684375
2 0.44423887587822014 0.558515625 0.05091334894613583 0.026000000000000002
2 0.3752224824355972 0.5771484375 0.019156908665105384 0.033890625
0 0.05572599531615925 0.5692343750000001 0.032014051522248246 0.041656250000000006
0 0.07418032786885247 0.5658671875000001 0.018899297423887587 0.041984375000000004
0 0.4655854800936768 0.566484375 0.026252927400468386 0.03103125
