0 0.5174140625 0.2943854166666667 0.131453125 0.3236041666666667
0 0.6756796875000001 0.3558541666666667 0.17904687500000002 0.5315416666666666
0 0.45360156250000006 0.6233229166666667 0.183703125 0.5681875000000001
0 0.2808359375 0.32544791666666667 0.17520312500000002 0.38164583333333335
0 0.0240234375 0.2937291666666667 0.04560937500000001 0.08424999999999999
0 0.17822656250000002 0.32341666666666663 0.039234375 0.09795833333333334
6 0.5060390625000001 0.5987291666666666 0.726359375 0.7049583333333334
0 0.09626562500000001 0.31319791666666663 0.0303125 0.0406875
0 0.3033828125 0.3081041666666666 0.042609375000000005 0.10383333333333333
2 0.17167187500000003 0.41325 0.06856250000000001 0.08716666666666667
6 0.8854375000000001 0.40132291666666664 0.229125 0.32927083333333335
6 0.0834296875 0.5056145833333333 0.16348437500000002 0.3505625
6 0.073359375 0.20044791666666667 0.12078125 0.07718749999999999
6 0.1017890625 0.35837499999999994 0.19142187500000002 0.28020833333333334
6 0.29965625 0.25544791666666666 0.0738125 0.03952083333333333
6 0.15753125 0.22875 0.078625 0.08604166666666666
