2 0.357609375 0.5096875 0.14084375000000002 0.10074999999999999
2 0.4773828125 0.5013229166666666 0.053734375 0.07227083333333333
2 0.183140625 0.5093020833333334 0.055906250000000005 0.07868750000000001
6 0.5771875 0.4609375 0.18506250000000002 0.190375
0 0.2753359375 0.7308541666666667 0.135140625 0.5135
0 0.5808828125 0.6914895833333333 0.095390625 0.4096041666666667
0 0.82078125 0.6465 0.101125 0.4674166666666667
0 0.73621875 0.5111354166666667 0.033 0.12389583333333333
0 0.7811484375000001 0.48060416666666667 0.023640625000000002 0.07058333333333333
0 0.5320859375000001 0.52559375 0.042546875000000005 0.1711875
0 0.438890625 0.5151666666666667 0.03890625 0.13645833333333332
0 0.8951171875 0.47690625000000003 0.009953125 0.06047916666666667
0 0.3506796875 0.51846875 0.021203125000000003 0.12093749999999999
2 0.054968750000000004 0.58503125 0.10993750000000001 0.11743749999999999
2 0.6996015625 0.47851041666666666 0.035203125 0.029812500000000002
2 0.8767343750000001 0.4717083333333333 0.014531250000000002 0.034541666666666665
2 0.106015625 0.5138229166666667 0.147 0.08152083333333333
2 0.22071875 0.5167291666666666 0.05 0.07220833333333332
2 0.46053906250000004 0.47813541666666665 0.031546875 0.03227083333333333
2 0.976 0.5278125 0.04756250000000001 0.06908333333333333
2 0.7659609375 0.4706875 0.024046875000000002 0.024625
