2 0.7735799999999999 0.9520783132530122 0.10784 0.08759036144578314
2 0.40213 0.6379819277108434 0.04306 0.05530120481927711
2 0.5776800000000001 0.6558132530120482 0.0592 0.04506024096385543
3 0.21803 0.861144578313253 0.01282 0.04072289156626506
4 0.7968 0.6348343373493975 0.382 0.10563253012048193
2 0.20486000000000001 0.9421987951807229 0.10892 0.11090361445783133
0 0.21864 0.8350000000000001 0.03628 0.09373493975903616
2 0.32689999999999997 0.5683584337349398 0.01828 0.028403614457831326
2 0.34294 0.5439457831325302 0.021840000000000002 0.02536144578313253
2 0.060540000000000004 0.5539006024096386 0.03144 0.01996987951807229
4 0.36924 0.5835993975903615 0.039119999999999995 0.07551204819277109
4 0.40103999999999995 0.6029066265060241 0.05216 0.07153614457831325
0 0.41045 0.7960692771084338 0.0195 0.09364457831325301
0 0.54722 0.8342319277108433 0.016 0.07846385542168675
0 0.58054 0.8813554216867469 0.0308 0.10102409638554218
0 0.75826 0.8423042168674699 0.02552 0.10207831325301206
0 0.69954 0.7566415662650603 0.02092 0.07448795180722892
0 0.3894 0.8023644578313253 0.01284 0.0841265060240964
0 0.6671099999999999 0.7484186746987953 0.011859999999999999 0.07521084337349397
0 0.39705 0.8083885542168675 0.016739999999999998 0.08876506024096385
0 0.45011 0.7889307228915663 0.0095 0.03376506024096386
3 0.4897 0.6669578313253013 0.03772 0.032951807228915664
0 0.53763 0.839774096385542 0.019739999999999997 0.0928012048192771
6 0.20844000000000001 0.9451506024096384 0.10484 0.1096987951807229
0 0.09340999999999999 0.8070481927710844 0.02138 0.08987951807228917
0 0.86085 0.8036746987951807 0.020059999999999998 0.06933734939759037
2 0.36853 0.5406024096385542 0.03074 0.014156626506024098
2 0.11184999999999999 0.5659638554216868 0.02442 0.021265060240963855
2 0.54638 0.5414156626506025 0.03208 0.026506024096385545
0 0.455 0.6957831325301205 0.842 0.355421686746988
