0 0.930125 0.7364093137254901 0.0491875 0.21669117647058822
0 0.8567890625000001 0.7499019607843137 0.041390625 0.2202941176470588
0 0.13666406250000002 0.7000000000000001 0.052578125 0.20166666666666666
0 0.4687421875 0.7018627450980393 0.041796875000000004 0.1748529411764706
0 0.756078125 0.6718627450980392 0.01971875 0.1053921568627451
0 0.8889375000000002 0.7441176470588236 0.048375 0.2223529411764706
0 0.8259296875 0.6418382352941177 0.014609375 0.06269607843137254
0 0.7682421875000001 0.6684926470588235 0.020359375 0.10659313725490197
0 0.7063125 0.6461274509803921 0.015468750000000002 0.061127450980392156
0 0.687296875 0.6250490196078432 0.00796875 0.0396078431372549
0 0.63021875 0.7160784313725489 0.07640625000000001 0.248578431372549
1 0.054046874999999994 0.6410294117647057 0.0035000000000000005 0.017205882352941175
0 0.9772734375 0.7249019607843137 0.045453125000000004 0.2633333333333333
0 0.9124531250000001 0.6143259803921569 0.00965625 0.021593137254901962
0 0.47890625000000003 0.6887254901960784 0.9578125000000001 0.20588235294117646
