2 0.711875 0.5261150234741784 0.064375 0.07185446009389672
2 0.666765625 0.4377230046948357 0.043375000000000004 0.04906103286384976
2 0.39684375 0.385 0.049125 0.0492018779342723
2 0.33089062500000005 0.3917723004694836 0.03746875 0.04974178403755869
2 0.67034375 0.35388497652582157 0.02759375 0.03931924882629108
2 0.4591171875000001 0.3313732394366197 0.018484375 0.024107981220657278
6 0.6290625000000001 0.33955399061032865 0.05509375 0.12103286384976526
6 0.9709453125 0.695387323943662 0.056828125 0.3696948356807512
6 0.4377187500000001 0.308368544600939 0.026281250000000003 0.05528169014084507
6 0.3840546875 0.3431455399061033 0.050421875000000005 0.06873239436619719
6 0.463640625 0.29969483568075117 0.02078125 0.039859154929577464
6 0.49185937500000004 0.2919835680751174 0.0141875 0.027065727699530515
6 0.7364375000000001 0.4102347417840376 0.053093749999999995 0.06788732394366198
2 0.2677265625 0.5350586854460094 0.066234375 0.0773943661971831
2 0.43825000000000003 0.3460328638497653 0.023656250000000004 0.036056338028169016
2 0.4879140625 0.3123122065727699 0.011984375 0.01715962441314554
