0 0.7695208333333333 0.3308984375 0.057791666666666665 0.11195312500000001
0 0.8456979166666666 0.3348125 0.04852083333333333 0.09759375
0 0.6943125000000001 0.32613281250000004 0.042583333333333334 0.040015625
0 0.2944270833333333 0.30452343750000005 0.09727083333333333 0.108671875
0 0.6493854166666666 0.3237578125 0.017979166666666668 0.040796875
0 0.6854479166666666 0.32715625000000004 0.0311875 0.0400625
0 0.7831770833333334 0.3295234375 0.04064583333333334 0.101515625
0 0.6341249999999999 0.33104687499999996 0.011833333333333333 0.023375000000000003
0 0.450125 0.37382031250000003 0.3917083333333333 0.662390625
0 0.5931458333333333 0.32117187500000005 0.013875 0.050156250000000006
