1 0.7161655773420481 0.43953125000000004 0.029586056644880177 0.11206250000000001
1 0.9289651416122005 0.3770625 0.01505446623093682 0.050031250000000006
0 0.3801633986928105 0.5856328125 0.3129193899782135 0.827546875
0 0.712363834422658 0.37626562500000005 0.08899782135076253 0.21250000000000002
0 0.5868191721132898 0.3053203125 0.05416122004357299 0.083296875
0 0.5166230936819173 0.29683593750000004 0.029803921568627455 0.048890625
0 0.785958605664488 0.3143984375 0.04847494553376907 0.074578125
0 0.8915795206971677 0.30283593750000004 0.021372549019607848 0.033265625
0 0.6338671023965142 0.345 0.06664488017429195 0.13996875
0 0.9337908496732027 0.33357812500000006 0.06169934640522876 0.110625
0 0.8755555555555556 0.302921875 0.06344226579520698 0.0895625
1 0.6301851851851852 0.38367968750000003 0.06311546840958605 0.069390625
