2 0.7215078125000001 0.4682812499999999 0.073890625 0.10502083333333333
0 0.2867734375 0.3879791666666667 0.121203125 0.15270833333333333
0 0.3883046875 0.4103958333333333 0.086890625 0.17008333333333334
0 0.6193359375 0.5762708333333334 0.141828125 0.4856666666666667
0 0.5414531250000001 0.5204895833333333 0.07946875 0.3192291666666666
0 0.12352343750000001 0.5724583333333333 0.129515625 0.494625
0 0.98359375 0.44123958333333335 0.0230625 0.10477083333333333
0 0.571984375 0.39108333333333334 0.0320625 0.074125
0 0.7064921875 0.4153125 0.010765625000000001 0.03204166666666667
0 0.9668046875000003 0.4409375 0.021296875000000003 0.08224999999999999
0 0.249078125 0.36058333333333337 0.03834375 0.09383333333333332
0 0.7107734375000001 0.4027395833333333 0.014015625000000002 0.03852083333333333
2 0.844 0.5115625 0.2679375 0.30945833333333334
0 0.6848828125 0.41527083333333337 0.013078125 0.05345833333333333
0 0.9543750000000002 0.4235833333333333 0.01396875 0.04154166666666667
0 0.59609375 0.503125 0.31093750000000003 0.3104166666666667
