2 0.9891640625 0.35188186813186817 0.021671875 0.11876373626373626
0 0.42866406250000005 0.36795329670329674 0.052453125 0.21282967032967035
0 0.53440625 0.44864010989010994 0.05296875 0.4498626373626374
0 0.701984375 0.4059203296703297 0.10631250000000002 0.4795329670329671
0 0.363234375 0.31491758241758244 0.05559375 0.20538461538461542
0 0.6040546875 0.3955906593406594 0.083453125 0.4401923076923077
0 0.4660078125 0.35957417582417583 0.050328125 0.25304945054945055
0 0.6400703125 0.40593406593406595 0.057671875 0.3903846153846154
0 0.4261953125 0.3058104395604396 0.056890625 0.15101648351648353
0 0.8235625000000001 0.5569230769230771 0.15203125 0.8490109890109891
0 0.16664843750000002 0.3589697802197803 0.072390625 0.3739285714285715
0 0.15132812500000004 0.3614148351648352 0.05428125 0.306510989010989
0 0.19698437500000002 0.34440934065934065 0.03134375 0.2440934065934066
0 0.913921875 0.5032417582417583 0.15903125 0.817912087912088
