6 0.23959375000000002 0.5403541666666667 0.45612500000000006 0.24466666666666667
0 0.9773671875000001 0.5994375 0.014796875000000001 0.06779166666666667
0 0.992 0.5928333333333333 0.016 0.073375
0 0.6646093750000001 0.6028854166666666 0.01953125 0.0645625
0 0.3391484375 0.5891770833333333 0.022609375 0.12685416666666666
0 0.6293046875 0.59490625 0.020015625000000002 0.0710625
0 0.6461171875 0.6003229166666667 0.017046875 0.07627083333333333
6 0.7520546875 0.5928645833333333 0.131328125 0.12910416666666666
6 0.9020703124999999 0.5939166666666666 0.140390625 0.141625
6 0.5846640625 0.5564583333333334 0.15976562500000002 0.15708333333333335
6 0.8077421875000002 0.5584583333333333 0.029359375 0.04004166666666666
