2 0.9808671875 0.5757845188284517 0.038265625 0.10391213389121338
4 0.4151015625000001 0.48549163179916316 0.679953125 0.7079707112970711
0 0.890671875 0.6150732217573222 0.04259375000000001 0.23395397489539746
0 0.66034375 0.598347280334728 0.358625 0.26648535564853554
0 0.9509140624999999 0.6163598326359833 0.047828125 0.2643096234309623
0 0.95165625 0.4395711297071129 0.032218750000000004 0.040564853556485356
0 0.7650390625000001 0.6106171548117154 0.066796875 0.19462343096234308
0 0.7181484375 0.5869769874476987 0.060703125000000004 0.12880753138075313
0 0.044148437500000005 0.5297489539748953 0.030609375 0.12569037656903764
0 0.848453125 0.492928870292887 0.02771875 0.13999999999999999
0 0.8905859375 0.4614748953974895 0.030890625 0.07654811715481172
0 0.9823124999999999 0.43116108786610874 0.01878125 0.0456276150627615
0 0.8703359375000002 0.4863807531380753 0.021703125000000004 0.13774058577405857
