0 0.5308203125000001 0.5915105386416862 0.16267187500000002 0.34409836065573773
0 0.9431171875000001 0.3710772833723653 0.086796875 0.1672599531615925
0 0.3354296875 0.20296252927400465 0.046265625000000005 0.235480093676815
0 0.49884375000000003 0.10565573770491803 0.083875 0.16522248243559717
0 0.593984375 0.26288056206088994 0.06234375 0.3206088992974239
0 0.7554531250000001 0.24028103044496485 0.0688125 0.3834192037470726
0 0.8405312500000002 0.279168618266979 0.07062500000000001 0.2568384074941452
0 0.6669140625000001 0.23685011709601872 0.08264062500000001 0.3486885245901639
0 0.436359375 0.1424004683840749 0.0554375 0.13416861826697893
0 0.37278906250000005 0.115 0.059265625 0.1037704918032787
