4 0.42596875 0.5727934272300469 0.662625 0.6410798122065728
4 0.050859375 0.6569248826291081 0.09871875000000001 0.2
4 0.7699921875000001 0.6511032863849765 0.054484375 0.25784037558685446
4 0.868015625 0.6002230046948357 0.15590625000000002 0.47298122065727705
0 0.5086640625000001 0.37643192488262917 0.046421875 0.06816901408450704
0 0.35936718749999996 0.3976408450704225 0.049546875000000004 0.05607981220657277
0 0.23035937500000003 0.4182981220657277 0.02009375 0.05307511737089202
0 0.18498437499999998 0.42833333333333334 0.04196875 0.04568075117370892
0 0.58575 0.37588028169014087 0.03815625 0.05654929577464789
0 0.6757890625 0.397406103286385 0.021046875000000003 0.023215962441314558
0 0.2643125 0.6624178403755868 0.0349375 0.04427230046948357
0 0.22307031249999998 0.6540962441314554 0.029640625 0.059366197183098594
0 0.13739062500000002 0.4348826291079812 0.0175625 0.05065727699530516
0 0.6366484375 0.39382629107981215 0.019546875000000002 0.02704225352112676
4 0.96634375 0.6126408450704226 0.0673125 0.5098356807511737
