2 0.42615625 0.23040625 0.1364375 0.08852083333333334
2 0.38609375000000007 0.21279166666666666 0.08365625 0.051083333333333335
2 0.40248437500000006 0.19296875 0.12293750000000002 0.05614583333333333
3 0.49493750000000003 0.5213958333333333 0.8716250000000001 0.6846666666666666
3 0.30721093750000006 0.27325 0.231203125 0.15658333333333332
3 0.2158671875 0.24647916666666667 0.06448437500000001 0.08395833333333333
0 0.9141796874999999 0.24242708333333335 0.050828125 0.14972916666666666
0 0.09109375000000001 0.20921874999999998 0.049625 0.16510416666666666
0 0.1175546875 0.20603125 0.018953125 0.09297916666666667
6 0.6539375000000001 0.21310416666666665 0.4045 0.22470833333333332
6 0.3755859375 0.17977083333333335 0.16685937500000003 0.06920833333333333
0 0.04195312500000001 0.20848958333333334 0.04465625 0.16339583333333335
0 0.17569531250000003 0.21560416666666668 0.051546875000000006 0.1557083333333333
0 0.2549453125 0.18805208333333334 0.030015625000000004 0.058729166666666666
0 0.291734375 0.17765625 0.02075 0.041229166666666664
0 0.88559375 0.23479166666666668 0.036375000000000005 0.11808333333333333
0 0.1345078125 0.20847916666666666 0.019140625 0.08954166666666666
0 0.211375 0.19168749999999998 0.0281875 0.07158333333333333
0 0.23477343750000002 0.17985416666666665 0.018953125 0.04466666666666667
0 0.9479296875 0.24225 0.028296875 0.091875
0 0.0727578125 0.19474999999999998 0.015109375000000001 0.072875
3 0.0186015625 0.21519791666666666 0.033578125 0.06397916666666667
