0 0.080171875 0.3418541666666666 0.1070625 0.29
0 0.290140625 0.19434375 0.06015625 0.1036875
0 0.326125 0.49513541666666666 0.62528125 0.9865208333333333
0 0.8775312500000001 0.5754583333333333 0.2449375 0.8288333333333333
0 0.671140625 0.42191666666666666 0.12081249999999999 0.4854583333333333
0 0.5819531250000001 0.38429166666666664 0.1586875 0.4909166666666666
0 0.6208046875000001 0.18488541666666666 0.084703125 0.18585416666666665
0 0.98221875 0.13513541666666665 0.035562500000000004 0.059229166666666666
0 0.7359453125000001 0.28003124999999995 0.07257812500000001 0.22568749999999999
0 0.040843750000000005 0.8114791666666666 0.08168750000000001 0.37704166666666666
