0 0.19115625000000003 0.6177166276346604 0.18740625 0.4854098360655738
0 0.7860703125000001 0.5495667447306791 0.07279687500000001 0.2971662763466042
0 0.6398515625000001 0.42324355971896954 0.029484375000000004 0.062412177985948475
0 0.8638906250000002 0.5130327868852459 0.03615625 0.06517564402810304
0 0.5443828125000001 0.4898946135831382 0.042328125 0.04925058548009368
0 0.5865859375 0.49121779859484777 0.044765625 0.045714285714285714
0 0.168671875 0.26590163934426225 0.04875 0.09676814988290398
0 0.5599687500000001 0.16517564402810306 0.0319375 0.09423887587822015
0 0.4088828125 0.2219672131147541 0.038703125000000005 0.06768149882903982
0 0.5751406250000001 0.42083138173302104 0.03103125 0.0764168618266979
0 0.47650781249999996 0.4486533957845434 0.025453125 0.04695550351288057
0 0.7046171875 0.36683840749414526 0.016953125 0.05278688524590164
0 0.4579453125 0.4929508196721311 0.039890625000000006 0.05639344262295082
0 0.5 0.28454332552693207 0.9968750000000001 0.5690866510538641
