0 0.13006535947712417 0.5395506535947713 0.13630718954248366 0.2668464052287582
0 0.2271650326797386 0.4911519607843137 0.03880718954248366 0.1655718954248366
0 0.38426470588235295 0.5016911764705883 0.045718954248366014 0.1401470588235294
0 0.3303022875816994 0.4906045751633987 0.0536764705882353 0.16006535947712416
0 0.30830065359477127 0.48085784313725494 0.036045751633986926 0.15504901960784315
0 0.4212826797385621 0.5027287581699347 0.04609477124183007 0.13055555555555556
6 0.6347222222222222 0.4770506535947712 0.48480392156862745 0.3128267973856209
6 0.9134885620915034 0.5150408496732027 0.11011437908496732 0.4606699346405229
0 0.2820915032679739 0.47804738562091503 0.0346078431372549 0.10491830065359477
0 0.24597222222222223 0.46723856209150333 0.015898692810457516 0.0734313725490196
0 0.2627777777777778 0.46953431372549015 0.021633986928104577 0.0717483660130719
0 0.06919934640522875 0.4692483660130719 0.06503267973856208 0.14330065359477126
