0 0.928140625 0.6596296296296296 0.07553125000000001 0.16666666666666666
0 0.790078125 0.5795185185185185 0.06628125 0.13454320987654322
0 0.690015625 0.47764197530864194 0.06109375 0.13928395061728394
0 0.6153437500000001 0.3831604938271605 0.07700000000000001 0.09530864197530864
0 0.49400000000000005 0.2660864197530864 0.0343125 0.09162962962962963
0 0.1970234375 0.4843827160493827 0.035609375 0.05409876543209877
0 0.39244531250000003 0.24044444444444443 0.037578125000000004 0.052938271604938275
0 0.350421875 0.25280246913580245 0.033531250000000005 0.07933333333333334
0 0.548375 0.3053827160493827 0.063125 0.07827160493827161
0 0.43962500000000004 0.24659259259259259 0.03871875 0.05135802469135803
0 0.28118750000000003 0.31798765432098763 0.04403125 0.04140740740740741
0 0.31280468750000007 0.27453086419753087 0.038921875 0.060864197530864195
0 0.22507812500000002 0.42106172839506173 0.04578125 0.041333333333333326
0 0.246875 0.36419753086419754 0.025 0.07160493827160494
