0 0.8993203125 0.4678125 0.024640625 0.06179166666666667
0 0.947515625 0.46669791666666666 0.02284375 0.0609375
0 0.3854296875 0.4756458333333333 0.011765625000000002 0.0295
0 0.4054921875 0.46935416666666663 0.021515625 0.06899999999999999
0 0.4208203125 0.4678020833333333 0.011984375 0.0610625
0 0.4996171875000001 0.4593958333333334 0.015921875 0.03875
0 0.17090625000000004 0.4468125 0.012781250000000001 0.017374999999999998
0 0.08447656250000002 0.44340625 0.0064843750000000006 0.0041041666666666666
0 0.40303125 0.46901041666666665 0.00946875 0.0450625
0 0.144 0.45005208333333335 0.00453125 0.008854166666666666
0 0.483296875 0.4747395833333333 0.005812500000000001 0.0130625
0 0.06604687499999999 0.4447291666666667 0.005625000000000001 0.009166666666666667
0 0.13203125000000002 0.45416666666666666 0.0578125 0.03333333333333333
