0 0.41239843750000005 0.5184389671361503 0.543390625 0.9631220657276996
0 0.58071875 0.244424882629108 0.1025625 0.31692488262910795
0 0.25836718750000004 0.2132511737089202 0.108546875 0.32617370892018777
0 0.9542421874999999 0.3276995305164319 0.091515625 0.1711737089201878
0 0.6065468749999999 0.5651643192488263 0.32159375 0.8471830985915493
0 0.8607890625 0.3130399061032864 0.124390625 0.1928403755868545
0 0.7601875 0.18274647887323942 0.09481250000000001 0.25427230046948357
0 0.7609296875 0.3274413145539906 0.098921875 0.16140845070422538
0 0.8714609375000001 0.19272300469483566 0.161546875 0.3260093896713615
0 0.349265625 0.17977699530516433 0.07928125000000001 0.20223004694835683
0 0.725734375 0.09348591549295776 0.15756250000000002 0.18697183098591552
0 0.131765625 0.3351643192488263 0.13840625 0.5306103286384977
0 0.56484375 0.14084507042253522 0.8671875 0.27699530516431925
