0 0.2182734375 0.5740515222482435 0.366703125 0.7552693208430913
0 0.9288124999999999 0.28090163934426227 0.1364375 0.4179625292740047
0 0.7438125 0.5822014051522248 0.264875 0.7612646370023419
0 0.5473046875 0.2148360655737705 0.12926562500000002 0.386768149882904
0 0.8382812500000001 0.33932084309133487 0.081125 0.20641686182669788
0 0.42517187500000003 0.23453161592505853 0.10571875 0.2244262295081967
0 0.035390625 0.3471896955503513 0.07078125 0.2278688524590164
0 0.5060156250000001 0.4595550351288056 0.250375 0.5101170960187353
0 0.0577421875 0.34271662763466043 0.077921875 0.20669789227166277
0 0.197703125 0.32160421545667445 0.0876875 0.21056206088992974
