4 0.5472421875000001 0.5190983606557377 0.299859375 0.4314519906323185
0 0.708140625 0.5794613583138173 0.027531250000000004 0.10295081967213116
0 0.709171875 0.6594028103044497 0.0228125 0.1264871194379391
0 0.7304765625 0.6550702576112413 0.021140625 0.12840749414519906
0 0.540640625 0.39188524590163937 0.031656250000000004 0.0494847775175644
0 0.7714687499999999 0.6222248243559719 0.028999999999999998 0.15990632318501172
0 0.807203125 0.6094847775175644 0.03868750000000001 0.13002341920374708
0 0.785671875 0.5677868852459016 0.012375 0.08306791569086651
0 0.8338593750000002 0.5985948477751756 0.038500000000000006 0.15428571428571428
0 0.7237421875000001 0.5647658079625293 0.012953125 0.059367681498829046
0 0.8933359375000001 0.6095433255269321 0.029296875 0.16512880562060891
0 0.914625 0.6033723653395784 0.028531250000000005 0.1737704918032787
0 0.5434609375 0.5638875878220141 0.045171875 0.06557377049180328
0 0.9584375 0.5158313817330211 0.01803125 0.04955503512880562
0 0.56640625 0.5398126463700235 0.3828125 0.36768149882903983
