2 0.21572656250000005 0.5185597189695551 0.42573437500000005 0.6145433255269321
3 0.41230468750000004 0.706744730679157 0.485765625 0.5640281030444965
0 0.4226015625000001 0.5159250585480094 0.294703125 0.7062763466042155
0 0.580640625 0.45728337236533956 0.14090625 0.6494145199063233
0 0.6724765625 0.3870023419203747 0.119515625 0.7740046838407494
0 0.975453125 0.3712060889929743 0.04731250000000001 0.7092505854800937
0 0.536828125 0.1357728337236534 0.0734375 0.15131147540983605
0 0.40299218750000004 0.1469320843091335 0.08492187500000001 0.16435597189695553
2 0.772890625 0.5247189695550352 0.18740625 0.4067213114754098
0 0.3849765625 0.10565573770491803 0.045203125000000004 0.06775175644028103
0 0.9044453125 0.28137002341920375 0.159640625 0.4005386416861827
