0 0.4410390625 0.8631529411764706 0.084390625 0.2228705882352941
0 0.5490703125 0.8533294117647059 0.021640625 0.08934117647058823
0 0.3861875 0.8474588235294117 0.0123125 0.05872941176470588
0 0.536015625 0.8423529411764705 0.01721875 0.05049411764705882
2 0.5379375 0.8488470588235293 0.0746875 0.0892235294117647
2 0.612359375 0.8505999999999999 0.0526875 0.10736470588235293
2 0.9117265625000001 0.8516705882352942 0.117703125 0.11816470588235292
2 0.2894140625 0.8677411764705882 0.058765625 0.11585882352941176
2 0.98034375 0.8535529411764705 0.03675 0.14357647058823528
2 0.4437578125 0.8521647058823529 0.071890625 0.06738823529411764
