2 0.7456082725060827 0.39221875000000006 0.1186131386861314 0.05115625000000001
2 0.8940389294403893 0.39956250000000004 0.20559610705596107 0.0780625
2 0.45253041362530416 0.37615624999999997 0.02978102189781022 0.0128125
2 0.3905717761557178 0.37303125000000004 0.013357664233576642 0.005718750000000001
0 0.5790389294403893 0.39256250000000004 0.15559610705596108 0.26575000000000004
0 0.15773722627737227 0.37347656250000005 0.04111922141119221 0.080484375
0 0.12261557177615573 0.36375781250000006 0.04158150851581509 0.07910937500000001
0 0.662676399026764 0.3912109375 0.05678832116788321 0.159890625
2 0.48201946472019463 0.3771171875 0.03610705596107056 0.020140625000000002
2 0.4927250608272506 0.3790234375 0.028418491484184915 0.017984375
2 0.42527980535279813 0.37477343750000003 0.024428223844282237 0.008734375
0 0.30092457420924573 0.370921875 0.009537712895377129 0.0163125
0 0.08763990267639904 0.37884375000000003 0.04340632603406326 0.07868750000000001
2 0.7013625304136254 0.375625 0.025401459854014596 0.021625000000000002
2 0.40902676399026766 0.37315625 0.01732360097323601 0.009812500000000002
2 0.4606082725060827 0.36603125000000003 0.026472019464720196 0.00821875
