0 0.7308828125 0.2508828125 0.031890625 0.128984375
0 0.155296875 0.243078125 0.23362500000000003 0.48615625
0 0.2886796875 0.11275781250000001 0.064421875 0.070203125
0 0.8980312500000001 0.200890625 0.11703125000000002 0.40068750000000003
0 0.9723828124999999 0.22669531250000002 0.055234375 0.382859375
0 0.7449140625 0.2663203125 0.069390625 0.133015625
0 0.8489062500000002 0.269234375 0.04634375 0.20428125000000003
0 0.562171875 0.35064062500000004 0.20459375000000002 0.49518750000000006
0 0.829375 0.2673984375 0.04496875 0.160796875
0 0.6705390625000001 0.24074218749999998 0.070203125 0.24751562500000002
0 0.23147656250000004 0.2636640625 0.05857812500000001 0.240453125
