0 0.5855 0.6052588235294117 0.09421875 0.3888235294117647
0 0.5109140625 0.6046117647058823 0.06892187500000001 0.25345882352941174
0 0.28896875 0.6115529411764706 0.0929375 0.2981647058823529
0 0.6860390625 0.6141411764705882 0.021859375 0.10131764705882353
0 0.7322968750000001 0.6161882352941176 0.013875000000000002 0.05256470588235294
0 0.7501640625000001 0.6108117647058823 0.016953125 0.059835294117647056
0 0.7637421875000001 0.6147764705882353 0.010453125 0.03237647058823529
0 0.7239765625000001 0.6131529411764706 0.008765625 0.05618823529411764
0 0.6734609375 0.5933764705882353 0.019546875000000002 0.07574117647058823
0 0.45396093750000005 0.6362235294117646 0.06639062500000001 0.18294117647058822
