4 0.439890625 0.45998958333333334 0.29325 0.22472916666666667
0 0.7568984375000001 0.51940625 0.085734375 0.30085416666666664
0 0.8391015625 0.5115000000000001 0.060640625000000004 0.21025
0 0.8056093750000001 0.5123125 0.04153125 0.19183333333333333
0 0.8766328125 0.5169583333333334 0.034484375000000005 0.18095833333333333
0 0.9361328125 0.534125 0.05070312500000001 0.19354166666666667
0 0.155140625 0.4602395833333333 0.07765625000000001 0.22410416666666666
0 0.07142187500000001 0.5439791666666667 0.14284375000000002 0.66175
0 0.2263671875 0.47127083333333336 0.019453125 0.08608333333333333
0 0.24892187500000001 0.46853124999999995 0.02425 0.09314583333333333
0 0.60090625 0.48114583333333333 0.025562500000000002 0.120375
0 0.2073125 0.4685104166666667 0.031718750000000004 0.10322916666666666
0 0.8010468749999999 0.4216666666666667 0.02471875 0.063125
0 0.9931562500000001 0.5075104166666666 0.0136875 0.08097916666666666
0 0.48046875 0.46458333333333335 0.38593750000000004 0.10833333333333334
