0 0.3548671875 0.62034375 0.022484375 0.042395833333333334
3 0.5229609375000001 0.7411770833333333 0.177015625 0.2155625
0 0.30717187500000004 0.6308958333333333 0.026187500000000002 0.045125
3 0.8527734375 0.80246875 0.175921875 0.3061875
3 0.7058125000000001 0.78534375 0.15887500000000002 0.2821875
3 0.40934375000000006 0.737625 0.11325000000000002 0.19554166666666667
3 0.28840625000000003 0.7072499999999999 0.16240625 0.21104166666666666
3 0.170015625 0.7065729166666668 0.1163125 0.17231249999999998
3 0.039906250000000004 0.72425 0.05915625 0.05429166666666666
3 0.09095312500000001 0.6912916666666666 0.10309375000000001 0.123
