0 0.38580000000000003 0.28906666666666664 0.0246 0.04186666666666666
0 0.36468 0.32165333333333335 0.026000000000000002 0.10346666666666665
0 0.32826 0.32828 0.03452 0.11709333333333333
0 0.3141 0.33052 0.02268 0.10733333333333334
0 0.2216 0.4155466666666666 0.03 0.12773333333333334
0 0.19424000000000002 0.5177333333333334 0.04536 0.10352
0 0.15722999999999998 0.47056 0.03146 0.12197333333333334
0 0.10449 0.5241066666666666 0.04254 0.12005333333333333
0 0.06616 0.54172 0.04004 0.13112
0 0.25177 0.7041466666666667 0.16741999999999999 0.5274399999999999
0 0.27259999999999995 0.3816933333333333 0.03156 0.11074666666666666
6 0.7734800000000001 0.5836 0.23700000000000002 0.13418666666666668
0 0.6461 0.5982266666666666 0.02072 0.07405333333333333
0 0.6027800000000001 0.5811333333333334 0.0184 0.04717333333333334
