0 0.2589140625 0.5556354166666666 0.133015625 0.4092708333333333
0 0.5426953125 0.5775000000000001 0.131453125 0.47120833333333334
0 0.6890546875000001 0.5716666666666667 0.12189062500000002 0.4447083333333333
0 0.3643203125 0.269 0.007328125000000001 0.02375
0 0.3302812500000001 0.26901041666666664 0.0089375 0.015979166666666666
0 0.4017109375 0.2691354166666667 0.011109375000000001 0.018145833333333333
0 0.20875 0.5076770833333333 0.036687500000000005 0.17802083333333335
0 0.64228125 0.5591145833333333 0.08625000000000001 0.38997916666666665
0 0.8609296875000001 0.26516666666666666 0.012265625 0.02195833333333333
0 0.95196875 0.233625 0.0054687500000000005 0.006625
0 0.41874218750000003 0.23696875 0.005015625 0.006895833333333334
0 0.396484375 0.5428333333333333 0.11378125 0.41683333333333333
0 0.34471093750000004 0.23301041666666666 0.004578125000000001 0.0046875
0 0.48046875 0.18333333333333332 0.6828125 0.15416666666666667
