1 0.07948437500000001 0.18723004694835682 0.07778125000000001 0.12671361502347417
2 0.14803125 0.14469483568075117 0.170125 0.1615962441314554
6 0.7269531250000001 0.07752347417840376 0.41284375000000006 0.14607981220657276
0 0.365546875 0.0806924882629108 0.03215625 0.14190140845070423
0 0.3333125 0.06427230046948357 0.023531250000000004 0.10985915492957746
0 0.9798437499999999 0.14523474178403756 0.039218750000000004 0.2807042253521127
0 0.60953125 0.14681924882629108 0.1570625 0.28988262910798124
0 0.30207812500000003 0.07311032863849766 0.0326875 0.14068075117370893
0 0.0211640625 0.05296948356807512 0.019890625000000002 0.05561032863849766
0 0.1757109375 0.03609154929577465 0.031671875 0.04992957746478873
0 0.0485546875 0.04658450704225352 0.029921875 0.0489906103286385
0 0.061171875000000014 0.0398943661971831 0.028281250000000004 0.057065727699530513
0 0.49917968749999997 0.105481220657277 0.07623437500000001 0.210962441314554
2 0.0369296875 0.1592605633802817 0.073859375 0.120962441314554
0 0.949828125 0.03753521126760564 0.02434375 0.04685446009389672
0 0.43184375 0.10943661971830985 0.09618750000000001 0.2188732394366197
0 0.2171875 0.06924882629107981 0.22187500000000002 0.11971830985915494
