0 0.251125 0.5561770833333334 0.14493750000000002 0.6089791666666666
0 0.6116953125 0.5360104166666667 0.131703125 0.5176458333333334
0 0.8052656250000001 0.3923125 0.023625 0.081
0 0.7561953125 0.45075000000000004 0.068234375 0.259625
0 0.7100000000000001 0.41487499999999994 0.03415625 0.13666666666666666
0 0.5965312500000001 0.32260416666666664 0.040031250000000004 0.057833333333333334
0 0.4867578125 0.45759374999999997 0.08326562500000001 0.3843958333333333
0 0.3413671875 0.48430208333333336 0.080703125 0.39910416666666665
0 0.6850312500000001 0.4090416666666667 0.025781250000000002 0.14795833333333333
0 0.695296875 0.39240625 0.011250000000000001 0.08860416666666666
0 0.7284453125 0.3491666666666666 0.018640625 0.04133333333333333
0 0.15842187500000002 0.49101041666666667 0.09775 0.41122916666666665
