0 0.6837734375000001 0.3977453271028037 0.30957812500000004 0.6831542056074765
0 0.11397656249999999 0.29966121495327097 0.22795312499999998 0.4333878504672897
0 0.459859375 0.2754322429906542 0.1713125 0.22698598130841122
0 0.3811640625 0.4059345794392523 0.258734375 0.42532710280373826
0 0.8797656250000001 0.2275467289719626 0.0245 0.06887850467289719
0 0.9908828125 0.42276869158878505 0.017359375 0.08829439252336448
0 0.211078125 0.2663200934579439 0.045812500000000006 0.09025700934579439
0 0.190640625 0.21322429906542056 0.05434375 0.12186915887850465
0 0.8983515625000001 0.2347663551401869 0.010359375 0.06878504672897195
0 0.8160703125 0.27917056074766355 0.227390625 0.4398364485981308
