0 0.3163207547169811 0.8089062500000002 0.026981132075471696 0.06684375000000001
0 0.9243867924528302 0.787203125 0.03311320754716981 0.07034375000000001
0 0.17458726415094342 0.8071171875000002 0.038183962264150946 0.080328125
0 0.12974056603773584 0.7902578125 0.011981132075471699 0.027015625
0 0.02213443396226415 0.81525 0.030212264150943396 0.06343750000000001
0 0.7597995283018867 0.7933593750000001 0.032523584905660374 0.0536875
0 0.6190448113207546 0.7731250000000001 0.024882075471698115 0.027281250000000003
0 0.7143514150943395 0.7978828125000001 0.03125 0.05951562500000001
0 0.19721698113207545 0.7983359375000001 0.024056603773584904 0.044296875000000006
0 0.14472877358490566 0.8088515625 0.028419811320754718 0.07029687500000001
0 0.11586084905660377 0.7880781250000001 0.02775943396226415 0.030468750000000003
0 0.5920990566037736 0.7797890625 0.020047169811320754 0.023765625000000002
0 0.231438679245283 0.8020546875 0.034858490566037736 0.065421875
0 0.5117924528301887 0.7835937500000001 0.910377358490566 0.0703125
