0 0.18515625000000002 0.5382084309133489 0.33134375000000005 0.667423887587822
0 0.7733515625 0.4136533957845433 0.45329687500000004 0.8148946135831381
0 0.49401562500000007 0.20562060889929742 0.1394375 0.40674473067915695
0 0.03673437500000001 0.18314988290398126 0.07346875000000001 0.36629976580796253
0 0.1413671875 0.18635831381733017 0.219890625 0.3677049180327869
0 0.30428906250000004 0.25 0.118703125 0.497751756440281
0 0.9836640625000002 0.17336065573770493 0.032671875 0.1381030444964871
0 0.6887578125 0.11898126463700234 0.083890625 0.1094847775175644
0 0.3983828125 0.23770491803278687 0.10045312500000002 0.47217798594847776
0 0.5847265625000001 0.15618266978922715 0.09295312500000001 0.3123653395784543
0 0.6456328125 0.12124121779859484 0.057796875000000004 0.11531615925058548
