0 0.5890625 0.48838501291989667 0.232375 0.5190956072351421
0 0.784453125 0.42342377260981917 0.23424999999999999 0.7184754521963825
0 0.30492968750000005 0.5427260981912145 0.059296875000000006 0.28188630490956074
0 0.336265625 0.592093023255814 0.03571875 0.18180878552971577
0 0.4292734375 0.6139147286821706 0.024171875000000002 0.09372093023255815
0 0.1592578125 0.6304651162790699 0.033734375000000004 0.09364341085271319
0 0.5297187500000001 0.5999354005167958 0.01634375 0.08193798449612404
0 0.11407812500000002 0.6297545219638242 0.026125 0.10746770025839794
0 0.971078125 0.548953488372093 0.040281250000000005 0.18948320413436692
0 0.5094531250000001 0.5943927648578812 0.042156250000000006 0.1543669250645995
0 0.0746328125 0.6358656330749355 0.042140625 0.13193798449612404
0 0.9046015625000001 0.5541472868217054 0.033140625 0.1809560723514212
0 0.5788437500000001 0.6059819121447029 0.02490625 0.08715762273901809
0 0.6484375 0.6188630490956073 0.578125 0.09560723514211887
