2 0.7961484375 0.8484894613583138 0.09498437500000001 0.11065573770491803
3 0.9062031250000001 0.9180444964871194 0.04596875 0.08414519906323185
3 0.459015625 0.8278922716627635 0.0139375 0.025854800936768146
3 0.6934453125000001 0.850023419203747 0.028890625 0.06262295081967213
0 0.8962656250000001 0.8324824355971896 0.033531250000000005 0.06941451990632319
0 0.2311171875 0.8736182669789228 0.04845312500000001 0.1908430913348946
0 0.3239453125 0.8913583138173302 0.069453125 0.2172833723653396
0 0.6065859375000001 0.9442857142857144 0.045078125000000004 0.11142857142857142
0 0.4980390625 0.8617096018735363 0.056359375 0.15185011709601876
0 0.6611953125000001 0.9033723653395784 0.098953125 0.19325526932084308
0 0.8630312500000001 0.903032786885246 0.06009375 0.1939344262295082
0 0.098296875 0.8912412177985949 0.11265625 0.21751756440281028
0 0.9550859375 0.891112412177986 0.08982812500000001 0.2177751756440281
0 0.3830703125 0.8696604215456675 0.025484375 0.15281030444964872
0 0.036265625 0.8564519906323186 0.056468750000000005 0.17491803278688525
0 0.5976875 0.8747423887587823 0.045625 0.176135831381733
2 0.47789843750000005 0.815655737704918 0.027546875 0.04775175644028103
3 0.4469218750000001 0.825608899297424 0.017906250000000002 0.02747072599531616
3 0.40175781250000003 0.8177517564402811 0.018484375 0.027915690866510537
0 0.223265625 0.8012295081967213 0.022000000000000002 0.05135831381733021
3 0.5016875 0.9078571428571428 0.0681875 0.11637002341920374
0 0.50390625 0.8032786885245902 0.8640625000000001 0.1358313817330211
