4 0.46570312500000005 0.5473094688221709 0.8100625000000001 0.8138799076212472
0 0.9707968750000001 0.7408314087759815 0.05840625000000001 0.2510854503464203
0 0.41804687500000004 0.43187066974595845 0.03315625 0.07057736720554272
0 0.6980859375000001 0.5494110854503464 0.046609375 0.053787528868360274
0 0.3789765625 0.6090184757505773 0.027046874999999998 0.04861431870669746
0 0.6200390625000001 0.5163048498845265 0.023703125000000002 0.05459584295612009
0 0.1662734375 0.31833718244803694 0.024890625 0.06905311778290993
0 0.8871093750000001 0.5917551963048497 0.04309375 0.13782909930715936
0 0.87153125 0.5930831408775982 0.033781250000000006 0.1143879907621247
0 0.9516953125000001 0.5355658198614318 0.06198437500000001 0.1913163972286374
0 0.8821093750000002 0.7233140877598152 0.05184375 0.22482678983833718
0 0.2359140625 0.5652309468822171 0.014890625 0.04284064665127021
