0 0.92052 0.5033709273182957 0.15896000000000002 0.934812030075188
0 0.83117 0.18726817042606514 0.10222 0.276390977443609
0 0.70311 0.11051378446115287 0.19074000000000002 0.2138095238095238
0 0.60527 0.16498746867167918 0.18869999999999998 0.28411027568922304
0 0.47549 0.26484962406015033 0.21546 0.49115288220551373
0 0.35988 0.2489348370927318 0.10412 0.33561403508771925
0 0.27375 0.10537593984962405 0.14314 0.2017794486215539
0 0.74299 0.2082706766917293 0.13318000000000002 0.2157894736842105
0 0.08563000000000001 0.38611528822055136 0.16958 0.5637593984962406
0 0.727 0.396203007518797 0.32136000000000003 0.39746867167919797
0 0.35072000000000003 0.5345739348370927 0.22068000000000002 0.4913533834586466
0 0.06305 0.12592731829573933 0.1261 0.22714285714285712
0 0.21119 0.3965789473684211 0.19125999999999999 0.5187719298245614
0 0.555 0.5802005012531328 0.65 0.8345864661654134
