0 0.4783203125 0.5738785046728971 0.650765625 0.8250934579439252
0 0.6414140625 0.5327920560747664 0.164171875 0.4273598130841121
0 0.8306093750000001 0.6126168224299064 0.33878125000000003 0.7499999999999999
0 0.9618281249999999 0.24796728971962614 0.07237500000000001 0.24462616822429906
0 0.36080468750000005 0.477838785046729 0.134046875 0.308107476635514
0 0.42165625000000007 0.42489485981308406 0.04553125 0.12315420560747663
0 0.022632812500000002 0.48779205607476633 0.044984375 0.1519859813084112
0 0.5134375000000001 0.2987733644859813 0.06540625 0.08184579439252336
0 0.13675781250000002 0.6786565420560746 0.27351562500000004 0.6157242990654205
0 0.9058437500000001 0.36462616822429905 0.1883125 0.2625700934579439
