2 0.6048499999999999 0.7674799999999999 0.07858 0.06877333333333333
3 0.5694699999999999 0.8623999999999999 0.0121 0.05797333333333333
3 0.47302 0.8238266666666666 0.0184 0.04904
3 0.38408000000000003 0.6953733333333333 0.01844 0.03442666666666667
2 0.8595900000000001 0.7623866666666665 0.0745 0.09042666666666666
2 0.53413 0.7716933333333335 0.0583 0.03885333333333333
2 0.54144 0.70992 0.05664 0.06101333333333333
0 0.46785 0.7901066666666665 0.02318 0.05141333333333333
2 0.47772000000000003 0.72552 0.07032 0.08250666666666667
2 0.42573999999999995 0.6829999999999999 0.04868 0.05949333333333333
2 0.47065000000000007 0.65112 0.04882 0.05696
2 0.41111 0.59656 0.03566 0.04928
2 0.36302 0.5859333333333333 0.03636 0.03954666666666667
2 0.34435 0.5689066666666667 0.02442 0.02869333333333333
2 0.6798599999999999 0.8446266666666666 0.12736 0.11501333333333334
2 0.92825 0.8048933333333332 0.10506 0.09074666666666667
2 0.8534900000000001 0.8097199999999999 0.04494 0.04072
2 0.659 0.6893333333333334 0.678 0.3973333333333333
