1 0.8630703125000001 0.709391100702576 0.060703125000000004 0.09203747072599532
3 0.387375 0.6929625292740046 0.13396875 0.12953161592505855
3 0.2161640625 0.6777985948477752 0.128953125 0.16192037470725995
0 0.6715546875 0.6559367681498829 0.025109375000000003 0.09983606557377049
0 0.6398984375 0.6606206088992974 0.023296875 0.08728337236533959
0 0.6928359375 0.6272014051522248 0.012234375 0.07482435597189695
0 0.1533203125 0.606112412177986 0.028296875 0.07751756440281031
0 0.6618437500000001 0.5692271662763466 0.007124999999999999 0.023185011709601876
0 0.679875 0.6213114754098361 0.01165625 0.026604215456674473
0 0.7481796875000001 0.6678688524590164 0.023953125000000002 0.12084309133489461
1 0.8298437500000001 0.7021896955503514 0.02659375 0.09004683840749415
