1 0.25583333333333336 0.9074296875000001 0.052708333333333336 0.107453125
1 0.09497916666666667 0.907625 0.12283333333333334 0.09921875000000001
1 0.18159374999999997 0.8661796875000001 0.06897916666666666 0.103109375
1 0.42364583333333333 0.871703125 0.046625 0.08484375
0 0.3893854166666666 0.868828125 0.036520833333333336 0.10075
0 0.35279166666666667 0.8123906250000001 0.025041666666666667 0.0485
0 0.4539270833333333 0.8487500000000001 0.056937499999999995 0.15281250000000002
0 0.5626979166666667 0.8231796875000001 0.041104166666666664 0.100984375
0 0.12860416666666666 0.8254453125 0.10416666666666667 0.145921875
0 0.03542708333333333 0.8400625 0.07085416666666666 0.20609375000000002
0 0.24035416666666667 0.8622890625 0.095375 0.17704687500000002
0 0.07145833333333333 0.8401640625000001 0.037875 0.19889062500000002
0 0.5060520833333333 0.824265625 0.04677083333333333 0.08987500000000001
0 0.2222083333333333 0.7888828125000001 0.019874999999999997 0.022765625
0 0.33096875 0.8060546875000001 0.021645833333333333 0.049234375000000004
0 0.14584375 0.77584375 0.03989583333333333 0.042343750000000006
0 0.3970208333333333 0.8040625000000001 0.021458333333333336 0.03275
1 0.8232916666666666 0.2529296875 0.07845833333333332 0.035609375
