0 0.58753125 0.54940625 0.202 0.7704791666666666
0 0.737359375 0.47078125 0.12303125 0.4786458333333333
0 0.44646093750000004 0.5733020833333333 0.164046875 0.7110625
0 0.9011953125000001 0.29129166666666667 0.019078125 0.06749999999999999
0 0.8390000000000001 0.39925 0.07896875 0.30845833333333333
0 0.6893984375000001 0.3139166666666667 0.047796875 0.14229166666666665
0 0.7516484375000001 0.22655208333333332 0.038078125000000004 0.04864583333333333
0 0.707484375 0.24763541666666666 0.0328125 0.049604166666666664
0 0.8767031250000001 0.29519791666666667 0.026375 0.06435416666666667
0 0.9268125 0.39557291666666666 0.09021875000000001 0.3375208333333333
0 0.7730937500000001 0.2583020833333333 0.017125 0.0543125
0 0.3594140625 0.6194895833333334 0.22014062499999998 0.7350625
