0 0.6045081967213115 0.4289609375 0.4715456674473068 0.779015625
0 0.8546487119437939 0.18685937500000002 0.08442622950819671 0.15984375
0 0.3406791569086651 0.21760937500000002 0.13498829039812646 0.20246875000000003
0 0.2970608899297424 0.19053125 0.07594847775175644 0.1258125
0 0.9775058548009369 0.1818046875 0.04498829039812646 0.134765625
0 0.2399648711943794 0.162359375 0.05627634660421546 0.0631875
0 0.910655737704918 0.18501562500000002 0.04740046838407494 0.10325000000000001
0 0.11563231850117096 0.1825390625 0.05510538641686183 0.086890625
0 0.25401639344262295 0.14139062500000002 0.0182903981264637 0.013218750000000001
0 0.14765807962529276 0.186375 0.04229508196721311 0.08840625
0 0.42827868852459017 0.1582890625 0.03847775175644028 0.064703125
0 0.2005854800936768 0.16371093750000001 0.0336768149882904 0.039578125
