0 0.25056 0.55506 0.24044000000000001 0.59776
0 0.86445 0.31115 0.03302 0.07778
0 0.9184399999999999 0.32032 0.03012 0.049280000000000004
2 0.06936 0.27353 0.08848 0.0475
2 0.76378 0.27077 0.20152 0.06670000000000001
2 0.27965999999999996 0.26431 0.14064 0.07214
2 0.8296 0.22786 0.04044 0.020239999999999998
2 0.48662 0.26641000000000004 0.16584000000000002 0.06709999999999999
2 0.5789500000000001 0.26972 0.17566 0.06620000000000001
2 0.93743 0.27969 0.1245 0.058100000000000006
2 0.016309999999999998 0.24695999999999999 0.032619999999999996 0.09440000000000001
2 0.6694500000000001 0.27044 0.10702 0.05664
0 0.95629 0.34176 0.03798 0.050159999999999996
2 0.56489 0.23115 0.0455 0.0149
2 0.76706 0.22406 0.07388 0.02736
2 0.85112 0.21119 0.04464 0.01934
6 0.73487 0.19839 0.05106 0.020739999999999998
6 0.15483 0.26572 0.15802000000000002 0.06595999999999999
6 0.31605 0.25062 0.20246 0.10124
