2 0.8839296875000001 0.5292890442890443 0.16757812500000002 0.14188811188811187
6 0.6106796875 0.5374009324009323 0.750328125 0.9049184149184148
6 0.2126171875 0.48506993006993004 0.058171875 0.11247086247086246
0 0.17509375000000002 0.6325407925407925 0.10671875 0.4304895104895105
6 0.2067890625 0.42638694638694635 0.06029687500000001 0.047972027972027965
0 0.935609375 0.4972261072261072 0.0305625 0.03314685314685315
0 0.94453125 0.4635547785547785 0.02071875 0.03895104895104895
0 0.9300156250000001 0.43684149184149185 0.01625 0.031445221445221445
0 0.9461953125 0.4344055944055944 0.009390625 0.026433566433566435
0 0.8530546875000001 0.4348135198135198 0.016734375000000003 0.026876456876456876
0 0.881921875 0.4400699300699301 0.017625 0.027785547785547784
0 0.8395937500000001 0.41108391608391603 0.01175 0.022214452214452212
0 0.8175859375000001 0.4536013986013986 0.008171875 0.013356643356643357
