0 0.7930913348946135 0.595328125 0.08491803278688524 0.160875
0 0.68211943793911 0.6068359375000001 0.08934426229508197 0.167609375
0 0.5595550351288057 0.6065859375 0.09564402810304451 0.140234375
0 0.43720140515222483 0.607359375 0.08644028103044496 0.125375
0 0.3022248243559719 0.6138359375000001 0.06341920374707259 0.134390625
0 0.42141686182669785 0.590125 0.03529274004683841 0.06271875
0 0.3432201405152225 0.588703125 0.04723653395784544 0.05450000000000001
0 0.24004683840749413 0.61409375 0.07030444964871194 0.10787500000000001
0 0.1293208430913349 0.6200234375 0.021311475409836064 0.039171875
0 0.18929742388758783 0.6103203125000001 0.049133489461358315 0.106546875
0 0.09224824355971897 0.6222343750000001 0.011100702576112413 0.03003125
0 0.054847775175644035 0.6200703125000001 0.03227166276346604 0.042515625
0 0.47727166276346605 0.5803671875 0.021194379391100703 0.035734375000000006
