0 0.4565546875 0.62309375 0.381734375 0.7528958333333333
0 0.7117421875000001 0.7923125 0.22407812500000002 0.412
0 0.8358437500000001 0.7759375 0.29496875 0.448125
0 0.2623984375 0.8523229166666667 0.14379687500000002 0.1985625
0 0.0673046875 0.5963958333333332 0.048390625 0.134875
0 0.09231250000000002 0.5969374999999999 0.01971875 0.07400000000000001
0 0.9811015625000001 0.5810833333333334 0.024484375000000003 0.10920833333333334
0 0.1588984375 0.6654895833333333 0.060953125 0.22002083333333333
0 0.1256875 0.6405 0.045625 0.183875
0 0.8905078125 0.5316145833333333 0.030546875 0.0643125
0 0.8423515625000001 0.58546875 0.039140625000000005 0.15852083333333333
0 0.9565390625000001 0.5797395833333333 0.021828125000000004 0.1175625
0 0.864203125 0.5296041666666667 0.01346875 0.031375
0 0.49843750000000003 0.5552083333333333 0.99375 0.3104166666666667
