0 0.5421171875 0.47573113207547163 0.471078125 0.3927830188679245
0 0.8242343750000001 0.13099056603773584 0.0388125 0.11849056603773585
2 0.46589843750000004 0.18112028301886793 0.037734375 0.030778301886792453
2 0.7257500000000001 0.15235849056603776 0.0320625 0.03660377358490566
2 0.8630312500000001 0.14274764150943395 0.039531250000000004 0.04205188679245282
2 0.77253125 0.14972877358490566 0.041656250000000006 0.03591981132075472
2 0.7086640625 0.15204009433962265 0.014734375000000001 0.028702830188679244
0 0.3211484375 0.19739386792452832 0.0063593750000000004 0.014221698113207547
2 0.2845859375 0.20056603773584905 0.032328125000000006 0.021132075471698115
2 0.5489609375 0.17083726415094336 0.043421875 0.021627358490566035
2 0.592984375 0.1638443396226415 0.015468750000000002 0.014905660377358491
2 0.6858203125000001 0.15733490566037733 0.034203125 0.027783018867924527
2 0.6479765625 0.16005896226415092 0.038734375 0.02846698113207547
2 0.519328125 0.18194575471698113 0.028062500000000004 0.027287735849056603
2 0.39707812500000006 0.1875943396226415 0.03053125 0.0219811320754717
2 0.35878906250000003 0.1940330188679245 0.017796875 0.01712264150943396
0 0.125296875 0.22774764150943394 0.0105 0.03063679245283019
2 0.3453125 0.1945754716981132 0.078125 0.03537735849056604
