0 0.59338 0.3893866666666666 0.05336 0.2368533333333333
0 0.76963 0.33022666666666667 0.07034 0.17981333333333335
0 0.44242999999999993 0.36835999999999997 0.06794 0.27559999999999996
0 0.34820999999999996 0.3868533333333333 0.05614 0.27759999999999996
0 0.92106 0.3354933333333333 0.052520000000000004 0.13552
0 0.96652 0.31972 0.06695999999999999 0.1556533333333333
0 0.06853000000000001 0.353 0.08134000000000001 0.2292533333333333
0 0.64918 0.3296133333333333 0.06212 0.13591999999999999
0 0.26621 0.5000133333333334 0.09146 0.1356
0 0.31839 0.39305333333333325 0.0555 0.26216
0 0.52985 0.38512 0.06426000000000001 0.27248
