3 0.0255390625 0.49230679156908663 0.051078125 0.11004683840749414
4 0.4063046875 0.4386416861826698 0.36882812500000006 0.23147540983606557
4 0.9035703125000002 0.4462412177985949 0.19285937500000003 0.285503512880562
0 0.7639921875 0.6978103044496486 0.077390625 0.3448009367681499
0 0.694921875 0.7973770491803279 0.07946875 0.38201405152224827
0 0.7488828125000001 0.49055035128805624 0.026953125 0.10203747072599531
0 0.6184453125 0.49211943793911006 0.023046875 0.10733021077283372
0 0.5321953125000001 0.4266510538641686 0.013671875 0.028149882903981262
0 0.697015625 0.48485948477751756 0.0220625 0.1143559718969555
0 0.725046875 0.4873302107728337 0.0291875 0.11967213114754098
0 0.015078125000000001 0.4679742388758782 0.030156250000000002 0.115480093676815
0 0.7840234375 0.49228337236533953 0.030671875 0.12784543325526934
