0 0.546859375 0.7060849056603773 0.14175000000000001 0.19820754716981132
0 0.1972265625 0.4240212264150943 0.09785937500000001 0.2504009433962264
0 0.28478125000000004 0.36264150943396223 0.10553125000000002 0.2712264150943396
0 0.5232031250000001 0.3127476415094339 0.09003125000000001 0.24304245283018866
0 0.899828125 0.6882075471698114 0.13984375000000002 0.25702830188679243
0 0.9755078125 0.7405778301886792 0.048984375000000004 0.4060141509433962
0 0.7731015625 0.6949764150943396 0.133609375 0.24948113207547168
0 0.7055703125 0.8513561320754716 0.16876562500000003 0.2972877358490566
0 0.5419062500000001 0.5349528301886792 0.08937500000000001 0.20311320754716983
0 0.1734296875 0.5213679245283018 0.15070312500000002 0.23278301886792452
0 0.405859375 0.7522523584905659 0.17009375000000002 0.4571933962264151
0 0.3311171875000001 0.46297169811320754 0.046453125000000005 0.08504716981132075
0 0.8819062500000001 0.8360141509433962 0.1483125 0.252122641509434
0 0.5 0.4988207547169811 0.9968750000000001 0.9976415094339622
