0 0.5161015625 0.7966317991631797 0.280296875 0.4067364016736401
0 0.1513671875 0.5191527196652719 0.079796875 0.20127615062761503
0 0.5908437500000001 0.5301046025104602 0.03859375 0.09916317991631798
0 0.7698281250000001 0.5707426778242677 0.08546875000000001 0.21031380753138074
0 0.2603984375 0.5739958158995816 0.082046875 0.1300418410041841
0 0.1937109375 0.5178870292887029 0.04901562500000001 0.1613389121338912
0 0.515609375 0.5414225941422594 0.02321875 0.11154811715481171
0 0.6965234375 0.6707845188284518 0.117484375 0.2179707112970711
0 0.8804765625000001 0.5798744769874477 0.090890625 0.21376569037656903
0 0.6486875 0.5174267782426778 0.068625 0.16485355648535563
0 0.8247421875000001 0.7098640167364018 0.11889062500000001 0.21299163179916317
0 0.7401562500000001 0.5078033472803347 0.02140625 0.050209205020920494
0 0.5389453125 0.5471861924686192 0.067640625 0.1378451882845188
0 0.41718750000000004 0.5502092050209204 0.8343750000000001 0.2719665271966527
