0 0.8843333333333332 0.48910937499999996 0.07895833333333332 0.16609375
0 0.4706875 0.48159375000000004 0.24641666666666667 0.481125
0 0.7879166666666666 0.5320859375 0.16112500000000002 0.335140625
0 0.6219791666666666 0.5334296875 0.21387499999999998 0.379515625
0 0.6268854166666666 0.45307031249999996 0.043812500000000004 0.08832812500000001
0 0.18247916666666666 0.5140234375 0.108 0.10123437500000002
0 0.27415625 0.4437734375 0.06702083333333334 0.125140625
0 0.10042708333333333 0.4644062500000001 0.07722916666666667 0.22712500000000002
0 0.13768750000000002 0.44135937500000005 0.03558333333333333 0.12978125000000001
0 0.7214375000000001 0.43217968749999996 0.028916666666666667 0.064734375
0 0.3219375 0.43982031250000003 0.06258333333333332 0.140859375
0 0.18763541666666667 0.4154375 0.041854166666666665 0.09934375000000001
0 0.052468749999999995 0.48964843750000003 0.1026875 0.36557812500000003
2 0.9603854166666667 0.4323671875000001 0.07789583333333333 0.044828125
2 0.8534791666666667 0.42008593750000006 0.06270833333333334 0.024609375000000003
2 0.8246979166666667 0.40612500000000007 0.014729166666666666 0.01209375
