0 0.512671875 0.59909375 0.1300625 0.47072916666666664
0 0.18181250000000004 0.6475729166666667 0.14771875 0.5342708333333333
0 0.21942187500000002 0.34530208333333334 0.082625 0.23935416666666667
0 0.865453125 0.5449375 0.11965625 0.3393333333333333
0 0.6942812500000001 0.5469583333333333 0.10931249999999999 0.33941666666666664
0 0.7817968750000001 0.5373229166666667 0.08809375000000001 0.3265208333333333
0 0.8070546875 0.3734791666666667 0.126515625 0.179
0 0.9754296875 0.48811458333333335 0.048953125 0.3615625
0 0.48051562500000006 0.35851041666666666 0.0266875 0.09635416666666667
0 0.6557265624999999 0.4418229166666667 0.08464062500000001 0.2584375
0 0.5108203125 0.3453958333333333 0.019859375000000002 0.04933333333333333
0 0.3455078125 0.5134791666666666 0.23595312499999999 0.7078749999999999
2 0.615640625 0.2576875 0.09996875 0.05408333333333334
0 0.581453125 0.38789583333333333 0.036937500000000005 0.13645833333333332
