0 0.558484375 0.5101170960187353 0.20840625000000002 0.8269789227166277
0 0.3675859375 0.647447306791569 0.31604687500000006 0.7051053864168618
2 0.1504921875 0.5347658079625293 0.22767187500000002 0.11182669789227166
2 0.263171875 0.5331850117096019 0.17746875 0.11648711943793912
2 0.33773437500000003 0.5298946135831382 0.17821875 0.12484777517564404
2 0.4024375 0.5055035128805621 0.0885625 0.05681498829039813
2 0.702796875 0.5209250585480094 0.203625 0.10138173302107728
2 0.7568046875000001 0.5077868852459017 0.19051562500000002 0.11810304449648712
2 0.925125 0.49992974238875887 0.14975000000000002 0.12960187353629976
2 0.042546875000000005 0.5512295081967213 0.08509375000000001 0.10662763466042155
2 0.8632187499999999 0.5208079625292741 0.10796875 0.092903981264637
2 0.1663828125 0.46790398126463695 0.141671875 0.027142857142857142
2 0.0343203125 0.4852224824355972 0.06851562500000001 0.056159250585480096
