3 0.0642734375 0.41252336448598126 0.041328125 0.10485981308411214
3 0.11114843750000002 0.37658878504672894 0.037640625000000004 0.07761682242990653
3 0.35003906250000005 0.4064018691588785 0.098234375 0.15649532710280373
3 0.7501718749999999 0.4855490654205607 0.20065624999999998 0.436892523364486
3 0.8874609375000001 0.4736682242990654 0.22507812500000002 0.29742990654205603
0 0.6576328125 0.3419976635514018 0.098828125 0.1778271028037383
0 0.84315625 0.4212266355140187 0.10043750000000001 0.2655373831775701
0 0.0158203125 0.3279906542056075 0.031234374999999998 0.04242990654205607
0 0.1128046875 0.35262850467289714 0.033265625 0.08343457943925234
0 0.34000781250000006 0.3695911214953271 0.033359375000000004 0.13595794392523364
2 0.5593203125 0.3503271028037383 0.102609375 0.049018691588785045
2 0.30357812500000003 0.3382126168224299 0.058375 0.041565420560747655
0 0.0979609375 0.3344976635514018 0.014953125000000001 0.05053738317757009
0 0.06029687500000001 0.3634579439252336 0.06009375 0.13855140186915887
