0 0.12584375 0.7269166666666667 0.2381875 0.5461666666666667
0 0.04070312500000001 0.61246875 0.08140625000000001 0.3410625
0 0.7801796875 0.7636458333333334 0.251390625 0.46575
0 0.1365234375 0.4177708333333333 0.065703125 0.06416666666666666
0 0.16678125000000002 0.39208333333333334 0.06340625 0.09291666666666668
0 0.185328125 0.4498958333333334 0.05571875 0.11520833333333333
0 0.3404375 0.47147916666666667 0.0674375 0.11125
0 0.375 0.43991666666666673 0.04590625 0.07625
0 0.5342734375 0.5791458333333334 0.147828125 0.263625
0 0.873984375 0.6468125 0.147125 0.36208333333333337
0 0.80959375 0.3971354166666667 0.2179375 0.31877083333333334
0 0.24592187499999998 0.5279062499999999 0.08996875 0.3016041666666667
0 0.31672656250000003 0.6214583333333333 0.13582812500000002 0.22991666666666666
0 0.26015625000000003 0.4583333333333333 0.5171875 0.20416666666666666
