0 0.43707291666666664 0.7588515625 0.12010416666666666 0.129734375
2 0.5326770833333333 0.7206250000000001 0.16860416666666667 0.06721875000000001
2 0.7226041666666667 0.7903359375000001 0.3875 0.15070312500000002
2 0.2532916666666667 0.7389140625 0.14070833333333335 0.101828125
2 0.19280208333333335 0.730640625 0.12389583333333333 0.09259375
2 0.47761458333333334 0.7421640625000001 0.19656249999999997 0.09885937500000001
2 0.3967708333333333 0.6831484375 0.08112499999999999 0.035390625
2 0.033354166666666664 0.6960078125 0.035875 0.020640625000000003
2 0.9437395833333333 0.81996875 0.11252083333333333 0.178625
2 0.8028854166666667 0.7237265625 0.2596875 0.10804687500000001
2 0.44609375 0.6867421875 0.034520833333333334 0.015484375000000002
0 0.34054166666666663 0.7306328125 0.1145 0.11801562500000001
