2 0.38456953642384106 0.20002343749999998 0.047218543046357614 0.029921875
2 0.20556291390728476 0.2024140625 0.05698675496688742 0.025171875
0 0.45711092715231794 0.46190625 0.3223344370860927 0.6714687500000001
0 0.5820198675496688 0.5118203125 0.2616556291390728 0.804359375
0 0.8846274834437086 0.44403125000000004 0.037831125827814574 0.12165625000000001
0 0.9166556291390728 0.472265625 0.050596026490066226 0.07865625000000001
0 0.1537086092715232 0.46689843750000004 0.046456953642384106 0.145609375
0 0.19575331125827813 0.46733593749999996 0.05286423841059602 0.154546875
2 0.27360099337748345 0.19750781250000002 0.09216887417218543 0.034421875000000005
0 0.06899834437086093 0.49034375 0.06077814569536424 0.10090625
0 0.034122516556291387 0.4565859375 0.03321192052980132 0.10057812500000002
0 0.011597682119205298 0.473125 0.02140728476821192 0.11528125
0 0.16779801324503313 0.40386718750000006 0.023741721854304634 0.034015625
