2 0.0185546875 0.5825292740046839 0.036578125 0.09653395784543325
2 0.045828125000000004 0.5667447306791569 0.09128125000000001 0.09297423887587823
2 0.156703125 0.5716042154566744 0.10212500000000001 0.12330210772833723
4 0.340359375 0.45607728337236536 0.14275000000000002 0.3468618266978923
0 0.8855625 0.5953629976580795 0.05421875000000001 0.3024824355971897
0 0.8232734375 0.5877049180327869 0.07145312499999999 0.2551288056206089
2 0.2549375 0.5119203747072599 0.0156875 0.02107728337236534
2 0.4178046875 0.5592271662763466 0.022828125 0.0961592505854801
2 0.21141406250000003 0.5171077283372365 0.023984375000000002 0.03416861826697892
2 0.08868750000000002 0.5471779859484777 0.06321875 0.06531615925058548
2 0.6187265625 0.6184192037470726 0.38779687500000004 0.32011709601873534
2 0.24715625000000002 0.5063466042154567 0.01209375 0.021826697892271662
2 0.19258593750000003 0.5203864168618267 0.028453125000000003 0.03711943793911007
2 0.7539296875000001 0.5077400468384075 0.022015625 0.04517564402810304
2 0.1348203125 0.5215222482435597 0.048890625 0.03189695550351288
6 0.617796875 0.6207845433255269 0.38990625 0.31168618266978926
