0 0.180078125 0.5126994680851064 0.02034375 0.15742021276595744
0 0.4460078125 0.541343085106383 0.021890625 0.13997340425531915
0 0.6391093750000001 0.5554654255319149 0.0380625 0.18061170212765956
0 0.6833593750000001 0.5602925531914894 0.03828125 0.17148936170212767
0 0.8324140625 0.5470212765957447 0.066671875 0.28106382978723404
0 0.9362343750000002 0.5627526595744681 0.0760625 0.26529255319148937
0 0.266546875 0.4758909574468085 0.01540625 0.06311170212765957
0 0.7004765625 0.49938829787234046 0.024921875 0.12484042553191488
0 0.6585625 0.5697739361702128 0.02434375 0.1420478723404255
0 0.88146875 0.5477526595744681 0.034 0.2366223404255319
0 0.9092578124999999 0.5688829787234042 0.044890625 0.24930851063829784
2 0.45732031249999994 0.476875 0.079984375 0.09454787234042553
0 0.6173671875000001 0.5015292553191489 0.020359375 0.14768617021276595
0 0.5750156250000001 0.5096276595744681 0.0329375 0.16154255319148936
0 0.5015625 0.5465425531914894 0.99375 0.2952127659574468
