0 0.30109375000000005 0.6607962529274004 0.07828125000000001 0.3470725995316159
0 0.8815859375000001 0.6247189695550351 0.083953125 0.31459016393442624
0 0.40680468750000004 0.5169555035128806 0.039171875 0.10009367681498829
0 0.47739843750000005 0.6827985948477752 0.062859375 0.3361826697892272
0 0.5122890625000001 0.6709016393442624 0.047796875 0.33533957845433254
0 0.53546875 0.63096018735363 0.04321875 0.3203747072599532
0 0.5903906250000001 0.6655503512880562 0.051562500000000004 0.3092271662763466
0 0.6402890625 0.6576346604215457 0.07195312499999999 0.32515222482435596
0 0.666015625 0.5133957845433256 0.032125 0.08627634660421546
0 0.36319531250000003 0.667049180327869 0.094046875 0.37484777517564405
0 0.5840234375 0.5105503512880561 0.04454687500000001 0.08840749414519906
0 0.4198593750000001 0.7416861826697893 0.05234375 0.3089929742388759
0 0.42950781250000003 0.5861124121779859 0.065234375 0.1879625292740047
0 0.42890625000000004 0.6311475409836066 0.8578125000000001 0.3770491803278688
