0 0.74628125 0.5050416666666667 0.10259375 0.260125
0 0.7427031250000001 0.3752916666666667 0.12690625 0.207375
0 0.6353125000000001 0.46956249999999994 0.1151875 0.190375
0 0.4923203125000001 0.46684374999999995 0.127640625 0.17389583333333333
0 0.0573046875 0.4359583333333333 0.111234375 0.20224999999999999
0 0.9407265625000001 0.5775208333333334 0.11854687500000001 0.5662916666666666
0 0.8308984375 0.494375 0.232578125 0.301125
0 0.10570312500000001 0.515875 0.14093750000000002 0.27516666666666667
0 0.209828125 0.48370833333333335 0.12303125 0.23370833333333335
0 0.3655859375 0.48928125000000006 0.12285937499999999 0.14722916666666666
