0 0.7359921875 0.6393383742911153 0.061734375 0.04801512287334594
0 0.7482265625000001 0.6196975425330813 0.016390625000000002 0.03856332703213611
0 0.7256718750000001 0.6207844990548205 0.03659375 0.05831758034026466
0 0.6959921875 0.6081285444234404 0.051828125 0.07247637051039699
0 0.523234375 0.6309640831758034 0.0316875 0.042003780718336485
0 0.53128125 0.6480245746691872 0.019500000000000003 0.024971644612476373
0 0.36867187500000004 0.635359168241966 0.02975 0.04137996219281664
0 0.42878906250000004 0.6384877126654064 0.027171875 0.039054820415879016
1 0.10817968750000001 0.6320888468809074 0.085953125 0.07763705103969755
0 0.47421093750000004 0.6492627599243856 0.031359375 0.05504725897920605
0 0.27795312499999997 0.630538752362949 0.01740625 0.03907372400756144
0 0.26003125 0.6375236294896031 0.01840625 0.02370510396975425
1 0.07621093750000002 0.5899810964083176 0.043984375 0.04412098298676749
