2 0.7995546875 0.5547775175644027 0.40004687499999997 0.4176580796252927
2 0.6265937500000001 0.39421545667447305 0.17721875 0.15873536299765809
0 0.305984375 0.6051053864168618 0.11290625000000001 0.37756440281030446
0 0.44304687500000006 0.3786533957845433 0.19040625 0.532576112412178
0 0.7288203125000001 0.5916861826697891 0.21064062500000003 0.3569555035128805
0 0.9076171875000001 0.6824355971896955 0.17129687500000002 0.4392037470725995
0 0.32275000000000004 0.45167447306791564 0.13312500000000002 0.19074941451990632
0 0.9871875000000001 0.8898829039812647 0.02453125 0.07161592505854801
1 0.045726562500000005 0.43819672131147547 0.08845312500000001 0.11236533957845432
2 0.7112343750000001 0.3613817330210773 0.05390625 0.03878220140515222
2 0.8316484375000001 0.3424121779859484 0.092296875 0.015269320843091334
0 0.5343984375 0.518688524590164 0.067328125 0.22154566744730678
2 0.17034375000000002 0.3910304449648712 0.04553125 0.07498829039812648
0 0.1993203125 0.7077868852459017 0.398640625 0.5844262295081968
