1 0.09681250000000001 0.3181670533642691 0.15921875000000002 0.19345707656612526
0 0.475640625 0.3243155452436195 0.09984375000000001 0.26686774941995356
0 0.59246875 0.11236658932714616 0.0499375 0.21573085846867748
0 0.6971250000000001 0.05026682134570765 0.02884375 0.08749419953596288
0 0.7905390625000001 0.08516241299303944 0.029109375 0.13617169373549884
0 0.5520781250000001 0.14330626450116007 0.044875 0.13979118329466356
0 0.8525390625 0.23367749419953596 0.033015625 0.2136194895591647
0 0.5128671875 0.11205336426914152 0.033015625 0.07422273781902551
0 0.03678125 0.1708120649651972 0.055531250000000004 0.17359628770301622
0 0.9050859375 0.15259860788863108 0.046765625000000005 0.09382830626450116
0 0.7473437500000001 0.11730858468677494 0.04603125 0.205707656612529
0 0.7647734375 0.2386658932714617 0.08479687500000001 0.13640371229698375
1 0.03882031250000001 0.7435266821345708 0.074484375 0.24
1 0.9060390625000001 0.4592691415313225 0.067328125 0.1285614849187935
3 0.30175 0.7713457076566125 0.58409375 0.45730858468677493
3 0.3692265625 0.8242575406032482 0.11501562500000001 0.3292111368909512
3 0.11390625000000001 0.41357308584686775 0.22781250000000003 0.3037122969837587
3 0.18036718750000003 0.26703016241299304 0.08401562500000001 0.16412993039443152
3 0.2381875 0.7852900232018561 0.2301875 0.3598143851508121
0 0.8999296875000001 0.3811600928074246 0.08301562500000001 0.45197215777262184
0 0.7042812500000001 0.15629930394431552 0.047875 0.16754060324825984
