2 0.8049034749034749 0.8682421875000002 0.39019305019305023 0.137328125
2 0.31420849420849417 0.85553125 0.2008108108108108 0.10115625
2 0.40988416988416987 0.83384375 0.11413127413127414 0.056968750000000005
2 0.26094594594594595 0.18463281250000002 0.08961389961389962 0.046046875
2 0.22214285714285717 0.8181484375000001 0.04980694980694981 0.028328125
2 0.1554150579150579 0.8141328125000001 0.036814671814671816 0.017796875
2 0.6286872586872587 0.8208046874999999 0.10227799227799228 0.04510937500000001
0 0.06643822393822395 0.20621875 0.06650579150579151 0.12009375
0 0.011766409266409266 0.8474921875 0.023532818532818533 0.143734375
6 0.689015444015444 0.4812734375 0.6067953667953668 0.30014062500000005
6 0.2583494208494208 0.48625 0.15125482625482625 0.08731250000000002
6 0.4678378378378379 0.1808984375 0.3137451737451738 0.18651562500000002
0 0.4493436293436293 0.8162734375 0.015675675675675675 0.023203125
0 0.06688223938223938 0.8503906250000001 0.05658301158301158 0.12934375
0 0.03186293436293436 0.21257812500000003 0.06372586872586872 0.17196875
0 0.010144787644787644 0.53471875 0.020289575289575288 0.13215625
2 0.37658301158301155 0.4953203125 0.042277992277992275 0.013171875
2 0.7216795366795367 0.18414062500000003 0.09092664092664093 0.027625
2 0.1878861003861004 0.8141171875 0.035888030888030886 0.027328124999999998
2 0.1267181467181467 0.8136562500000001 0.015366795366795367 0.013375000000000001
2 0.11794401544401545 0.8132031250000001 0.014691119691119692 0.014000000000000002
6 0.124980694980695 0.48590625000000004 0.08312741312741313 0.0533125
6 0.8986872586872587 0.1879765625 0.2026254826254826 0.071109375
