0 0.8908281250000001 0.616787109375 0.2089375 0.68380859375
0 0.7370859375 0.6404492187499999 0.161796875 0.68765625
0 0.9099062499999999 0.7950488281250001 0.1801875 0.38513671875
0 0.5246328125 0.7025683593750001 0.10907812500000001 0.59330078125
0 0.61221875 0.711396484375 0.15481250000000002 0.57603515625
0 0.124046875 0.5955078125 0.24809375 0.7775390625
0 0.49550781250000003 0.704453125 0.097046875 0.59109375
0 0.5728125000000001 0.6855859375 0.09993750000000001 0.6216796875
0 0.674625 0.45990234375 0.040031250000000004 0.0691015625
0 0.4368515625 0.5808984374999999 0.046734375 0.1011328125
0 0.34385156250000004 0.6555859374999999 0.292453125 0.688828125
0 0.2198515625 0.48678710937499997 0.055890625000000006 0.12357421875
