0 0.35316406250000004 0.6067406542056074 0.27351562500000004 0.759556074766355
0 0.7333671875000001 0.6044976635514019 0.246453125 0.7685280373831775
0 0.49893750000000003 0.6606775700934578 0.11421875 0.6292056074766355
0 0.558296875 0.6247196261682243 0.08265625 0.5438317757009345
0 0.8949218750000001 0.6382009345794392 0.205875 0.6921495327102803
0 0.23650781250000003 0.568107476635514 0.11210937500000001 0.46859813084112145
0 0.8344843750000002 0.534357476635514 0.10734375000000002 0.2689485981308411
0 0.8072343750000001 0.4979088785046729 0.09734375 0.21025700934579436
0 0.159296875 0.6550584112149532 0.2344375 0.6629205607476636
0 0.4395703125 0.3932593457943925 0.05260937500000001 0.10787383177570094
0 0.5958671875 0.6247196261682243 0.127734375 0.6336915887850467
0 0.8386406249999999 0.3728154205607476 0.04978125 0.15567757009345792
0 0.045164062500000005 0.7199883177570092 0.08685937500000002 0.5220794392523364
