0 0.304515625 0.5754342723004695 0.018875000000000003 0.039835680751173705
0 0.2791796875 0.5860211267605634 0.024046875000000002 0.0626056338028169
0 0.7854765625 0.5259741784037558 0.42676562500000004 0.42744131455399065
0 0.40464843750000007 0.6054460093896713 0.018078125 0.09507042253521127
0 0.34296875000000004 0.6223708920187794 0.021906250000000002 0.0884037558685446
0 0.37403125000000004 0.5978873239436621 0.03 0.07436619718309859
0 0.2928671875 0.6424295774647888 0.024578125000000003 0.05068075117370892
0 0.3834140625 0.6062676056338028 0.015046875000000001 0.08882629107981221
0 0.41284374999999995 0.6382511737089201 0.02559375 0.04546948356807512
0 0.4337734375 0.6317136150234742 0.025828125000000004 0.05464788732394366
0 0.1768515625 0.500669014084507 0.353703125 0.9932629107981221
0 0.3128671875 0.6286150234741784 0.019765625000000002 0.09244131455399061
0 0.26994531250000003 0.6449530516431925 0.022609375 0.07727699530516433
0 0.6101562500000001 0.6373239436619719 0.7765625 0.2136150234741784
