3 0.3081328125 0.545868544600939 0.079203125 0.2056338028169014
3 0.5807734375 0.5679225352112677 0.108765625 0.18504694835680752
3 0.41230468750000004 0.5802464788732394 0.055015625000000005 0.11237089201877934
3 0.5054609375 0.5888967136150235 0.05367187500000001 0.09746478873239438
0 0.8032187500000001 0.45341549295774647 0.34187500000000004 0.5633568075117371
0 0.16356250000000003 0.46872065727699536 0.22003125 0.47870892018779343
0 0.571671875 0.5469718309859155 0.11275 0.22389671361502347
0 0.3267109375000001 0.5456572769953052 0.06576562500000001 0.2083568075117371
0 0.4729609375000001 0.588274647887324 0.037015625 0.09326291079812206
0 0.43081250000000004 0.5553521126760563 0.01659375 0.04328638497652582
2 0.443390625 0.6014319248826292 0.041656250000000006 0.06896713615023474
3 0.470625 0.5966784037558686 0.01825 0.06852112676056339
0 0.404125 0.5311267605633804 0.049375 0.04
0 0.506171875 0.5313967136150235 0.030625000000000003 0.04603286384976526
3 0.16531250000000003 0.4749178403755869 0.23718750000000002 0.49030516431924887
3 0.8106875000000001 0.49077464788732394 0.2690625 0.5690140845070423
