0 0.415828125 0.6983020833333333 0.25859375 0.5800208333333334
0 0.5355703125000001 0.59984375 0.066140625 0.21206250000000001
0 0.6041796875000001 0.60921875 0.10814062499999999 0.18622916666666667
0 0.8376406249999999 0.6763958333333333 0.1045 0.36854166666666666
0 0.1113359375 0.70803125 0.10614062500000002 0.5839375
0 0.19730468750000002 0.6359270833333334 0.102609375 0.32135416666666666
0 0.248625 0.6137395833333333 0.06378125 0.2795625
0 0.49598437500000003 0.5756249999999999 0.0320625 0.15379166666666666
0 0.4714921875 0.57434375 0.035640625 0.12885416666666666
1 0.3803984375 0.8681666666666668 0.49507812500000004 0.26366666666666666
1 0.4110703125000001 0.8796458333333333 0.350890625 0.23545833333333333
1 0.53271875 0.6354895833333334 0.05456250000000001 0.0483125
0 0.44978906250000006 0.5518645833333333 0.038859375 0.1203125
0 0.050328125 0.5227604166666667 0.04303125 0.1169375
0 0.9136796875000001 0.6484375 0.138390625 0.5392499999999999
