0 0.5073203125 0.5765845070422535 0.09898437500000001 0.17650234741784038
0 0.47271874999999997 0.5593075117370891 0.054593749999999996 0.16673708920187794
0 0.5564296875 0.4993192488262911 0.07179687500000001 0.2988732394366197
0 0.6057578125 0.4756455399061033 0.041078125 0.18584507042253523
0 0.6428203125 0.48877934272300466 0.037734375 0.18450704225352113
0 0.3893515625 0.23281690140845068 0.057828125 0.08253521126760563
0 0.7640000000000001 0.6050234741784037 0.0960625 0.16643192488262912
0 0.4307812500000001 0.5606690140845071 0.05384375 0.1730281690140845
0 0.4867265625 0.42138497652582163 0.048171875 0.13624413145539907
0 0.37513281249999997 0.3970305164319249 0.057640625 0.13847417840375587
0 0.4426875 0.40619718309859154 0.041375 0.11666666666666668
0 0.31404687500000006 0.42707746478873243 0.042 0.22110328638497653
0 0.6883281250000001 0.5396244131455399 0.061250000000000006 0.3006103286384977
0 0.51875 0.4706572769953052 0.47187500000000004 0.45774647887323944
