0 0.2867782426778242 0.9443046874999999 0.15635983263598324 0.106015625
0 0.08470711297071129 0.9421718750000001 0.12753138075313808 0.11565625
0 0.7401150627615063 0.9162265625 0.19056485355648534 0.167546875
0 0.05410041841004184 0.8597421875000001 0.022803347280334726 0.035765625
0 0.033629707112970704 0.8595703125 0.022866108786610877 0.026703125
0 0.8539016736401673 0.8950078124999999 0.04788702928870293 0.10004687500000001
0 0.42024058577405854 0.9281875000000002 0.05985355648535564 0.1413125
0 0.487510460251046 0.93403125 0.09326359832635982 0.1319375
0 0.897949790794979 0.8991875 0.04782426778242677 0.10928125
0 0.35534518828451883 0.9084921874999999 0.06152719665271966 0.147296875
0 0.2314748953974895 0.881359375 0.026924686192468614 0.06775
0 0.5620711297071128 0.9486640625 0.07518828451882845 0.102671875
0 0.6744874476987448 0.8976953125 0.046506276150627614 0.057328125
0 0.48640167364016734 0.8718750000000001 0.9686192468619246 0.08750000000000001
