2 0.9615156250000001 0.5028855140186915 0.07509375000000001 0.08969626168224298
2 0.17535937499999998 0.49091121495327095 0.028781250000000005 0.03448598130841121
2 0.16530468750000002 0.47546728971962615 0.032671875 0.03967289719626168
2 0.1430625 0.47817757009345796 0.049 0.045046728971962616
2 0.140765625 0.4714135514018691 0.05971875 0.05507009345794392
2 0.10124218750000001 0.47502336448598126 0.024484375000000003 0.03616822429906542
2 0.053875000000000006 0.4731658878504672 0.02115625 0.022359813084112147
6 0.5215624999999999 0.5627453271028038 0.70590625 0.6860046728971962
2 0.133859375 0.4889602803738317 0.01625 0.022406542056074764
2 0.1118203125 0.4800817757009345 0.019671875000000002 0.037546728971962616
2 0.044335937500000006 0.47161214953271025 0.011015625000000001 0.0258411214953271
2 0.07242187500000001 0.4744976635514018 0.02334375 0.029742990654205607
