0 0.4375 0.565807962529274 0.453125 0.775175644028103
0 0.37871875 0.2899297423887588 0.0869375 0.21747072599531617
0 0.27325 0.308208430913349 0.1310625 0.2510304449648712
0 0.19008593750000002 0.2657611241217799 0.127734375 0.27025761124121783
0 0.0661640625 0.28024590163934426 0.132328125 0.15060889929742388
0 0.72759375 0.3218735362997658 0.11140625 0.19081967213114756
0 0.8125625 0.23163934426229507 0.09443750000000001 0.2034192037470726
0 0.945234375 0.23855971896955505 0.10831249999999999 0.21098360655737705
0 0.9130546875000001 0.7050585480093677 0.17389062500000002 0.5281030444964872
0 0.8514296875 0.3164519906323185 0.10517187500000001 0.2030679156908665
0 0.6943359375 0.12840749414519909 0.14198437500000002 0.21873536299765808
0 0.8007109375000001 0.1050936768149883 0.082109375 0.18414519906323185
0 0.8834921874999999 0.14195550351288055 0.13807812500000002 0.2822248243559719
0 0.55078125 0.06791569086651054 0.8953125000000001 0.1358313817330211
