2 0.7900390625 0.25231808731808736 0.285390625 0.27332640332640334
2 0.055429687500000005 0.20363825363825364 0.075171875 0.13035343035343036
2 0.16250781250000002 0.1881808731808732 0.039671875 0.053659043659043656
0 0.57553125 0.4670374220374221 0.27959375000000003 0.8457172557172558
0 0.18619531250000002 0.5394178794178794 0.352078125 0.8918918918918919
0 0.9791015625 0.22761954261954265 0.041796875000000004 0.17602910602910604
0 0.9496796875 0.17675675675675678 0.026671875 0.07742203742203743
0 0.5059765625 0.20353430353430355 0.016484375000000002 0.09638253638253638
0 0.47527343750000006 0.20265072765072767 0.019515625 0.09536382536382536
0 0.8736796875 0.1608108108108108 0.030984374999999998 0.08548856548856548
0 0.8332734375000002 0.13647609147609147 0.015046875000000001 0.024345114345114348
0 0.913421875 0.19339916839916843 0.054593749999999996 0.11902286902286903
0 0.8909687500000001 0.15170478170478172 0.0194375 0.06316008316008316
0 0.8055078125 0.18348232848232848 0.049859375000000004 0.044345114345114345
0 0.5311796875 0.17791060291060293 0.017859375 0.03607068607068607
2 0.5472109374999999 0.2146049896049896 0.08776562500000001 0.11760914760914762
2 0.0108046875 0.19320166320166324 0.020796875000000003 0.06898128898128898
2 0.30117187500000003 0.1810602910602911 0.049718750000000006 0.020498960498960498
0 0.45982812500000003 0.20114345114345117 0.02065625 0.11713097713097714
3 0.58546875 0.5094074844074844 0.72596875 0.7621829521829523
0 0.5320312500000001 0.1787941787941788 0.9328125 0.14137214137214138
