2 0.9367421875 0.27329039812646366 0.10404687500000001 0.16981264637002344
6 0.5209140625 0.47113583138173304 0.740328125 0.7404918032786885
0 0.1036640625 0.414367681498829 0.146578125 0.4543559718969555
0 0.3003046875 0.26162763466042155 0.062578125 0.15192037470725997
0 0.36700781250000003 0.24944964871194383 0.07151562500000001 0.12400468384074942
0 0.8181093749999999 0.24249414519906323 0.022375000000000003 0.10971896955503513
0 0.8449296875000001 0.24402810304449649 0.032203125 0.06740046838407494
0 0.7081718750000001 0.23756440281030444 0.0731875 0.1269320843091335
0 0.42878125000000006 0.20043325526932085 0.06584375 0.15646370023419204
0 0.247171875 0.2865222482435597 0.06543750000000001 0.24007025761124123
0 0.9203750000000002 0.20490632318501173 0.0221875 0.05576112412177986
0 0.1921875 0.2948126463700234 0.0658125 0.2719672131147541
0 0.037515625000000004 0.4155971896955504 0.0728125 0.31995316159250586
0 0.9766796874999999 0.3037704918032787 0.046640625000000005 0.368056206088993
0 0.1413125 0.29600702576112414 0.05165625000000001 0.19903981264637002
0 0.48046875 0.2939110070257611 0.8703125 0.2786885245901639
