2 0.15608 0.46957 0.07733333333333334 0.05034
2 0.29305333333333333 0.45248 0.04904 0.028399999999999998
6 0.4122266666666666 0.46071 0.11442666666666665 0.07937999999999999
0 0.11121333333333333 0.47655000000000003 0.04056 0.07873999999999999
2 0.24435999999999997 0.44147 0.01528 0.0109
2 0.22311999999999999 0.44025000000000003 0.026346666666666668 0.0195
2 0.25364 0.43777 0.021786666666666666 0.015380000000000001
2 0.15441333333333332 0.43964 0.040453333333333334 0.01836
2 0.19868000000000002 0.44685 0.027386666666666663 0.01822
2 0.27204 0.43887000000000004 0.020453333333333334 0.0143
