2 0.47270000000000006 0.391966966966967 0.12068000000000001 0.0815915915915916
2 0.07961 0.6661111111111111 0.15922 0.2142042042042042
2 0.66479 0.42444444444444446 0.046340000000000006 0.11867867867867869
2 0.18168 0.41846846846846847 0.1434 0.09663663663663663
0 0.42260000000000003 0.622867867867868 0.20608 0.7533633633633634
0 0.1026 0.4380630630630631 0.0396 0.16933933933933934
0 0.057760000000000006 0.4445645645645646 0.042960000000000005 0.169009009009009
0 0.93787 0.5060660660660661 0.1003 0.29171171171171173
0 0.57075 0.4583483483483483 0.1905 0.3918918918918919
0 0.6698000000000001 0.34815315315315315 0.03488 0.06777777777777778
0 0.63922 0.3561711711711712 0.0332 0.049099099099099104
0 0.61382 0.3497297297297297 0.019 0.034834834834834835
6 0.21145999999999998 0.3639639639639639 0.24092 0.17495495495495494
0 0.13829 0.4410360360360361 0.04018 0.1548048048048048
0 0.15699 0.43046546546546544 0.03202000000000001 0.14663663663663662
2 0.82903 0.42129129129129134 0.29702 0.2709309309309309
0 0.47031 0.34006006006006007 0.01586 0.0227027027027027
0 0.50655 0.3382882882882883 0.0193 0.03213213213213213
0 0.98103 0.5509009009009008 0.03794 0.4347747747747748
