2 0.8515625 0.574192037470726 0.1363125 0.2107728337236534
0 0.379015625 0.20654566744730676 0.1165625 0.39740046838407495
0 0.4946718750000001 0.28524590163934427 0.11678125 0.24355971896955503
0 0.9730000000000001 0.6202341920374707 0.054000000000000006 0.38079625292740044
0 0.16896093750000002 0.1988407494145199 0.130515625 0.2376814988290398
0 0.07421875 0.6179508196721312 0.1484375 0.7453629976580796
0 0.9449921875 0.4818969555035129 0.019671875000000002 0.08660421545667446
0 0.8748906249999999 0.5213231850117096 0.035937500000000004 0.035995316159250584
0 0.08021875 0.3786533957845433 0.05031250000000001 0.18962529274004683
0 0.1038125 0.3777634660421546 0.03853125 0.16887587822014052
0 0.8207578125 0.5263817330210773 0.016453125 0.03365339578454332
0 0.25734375 0.15844262295081968 0.10918749999999999 0.2545433255269321
