0 0.8040859375 0.8550709219858156 0.059484375000000006 0.27680851063829787
0 0.48509375 0.8083333333333333 0.048906250000000005 0.16659574468085106
0 0.40301562500000004 0.8207919621749409 0.05612500000000001 0.19713947990543734
0 0.28878125 0.815094562647754 0.05521875000000001 0.22640661938534276
0 0.3576796875 0.7816075650118203 0.027453125000000002 0.11583924349881797
0 0.32889062500000005 0.7723286052009456 0.015437500000000002 0.10196217494089835
0 0.051984375000000006 0.8292198581560283 0.10396875000000001 0.3101182033096927
0 0.5938828125000001 0.7824231678486998 0.030390625 0.11543735224586288
0 0.7617109375000001 0.8549763593380615 0.039984375 0.27803782505910163
0 0.22407812500000002 0.8506146572104019 0.047875 0.27271867612293144
0 0.17770312500000002 0.8514302600472813 0.06643750000000001 0.27018912529550826
0 0.1114296875 0.8283096926713948 0.050640624999999995 0.20758865248226951
0 0.534375 0.8108747044917257 0.9281250000000001 0.31678486997635935
