0 0.2488828125 0.22247072599531617 0.242890625 0.4269555035128806
0 0.828359375 0.09437939110070259 0.08546875000000001 0.17526932084309135
0 0.7563203125000001 0.1470023419203747 0.063671875 0.26117096018735364
0 0.6019375 0.11272833723653396 0.080375 0.22545667447306791
0 0.540640625 0.13211943793911007 0.05984375 0.25936768149882905
0 0.3800859375 0.1436768149882904 0.062828125 0.2873536299765808
0 0.45310937500000004 0.1536416861826698 0.056031250000000005 0.27468384074941454
0 0.42225781250000005 0.15539812646370024 0.06310937500000001 0.3040515222482436
0 0.9663437500000001 0.2077166276346604 0.0250625 0.06297423887587822
0 0.898421875 0.18799765807962532 0.03653125 0.05913348946135832
0 0.9428203125000002 0.19721311475409833 0.021765625 0.06360655737704918
