0 0.4431953125 0.25768856447688565 0.108546875 0.5153771289537713
0 0.283578125 0.26335766423357665 0.11978125 0.5236009732360097
0 0.6393046875 0.2528102189781022 0.10101562500000001 0.5056204379562044
0 0.9478593750000001 0.10154501216545014 0.10428124999999999 0.19656934306569346
0 0.06283593750000001 0.39570559610705597 0.12567187500000002 0.23218978102189783
0 0.20111718750000002 0.2591605839416058 0.073640625 0.41472019464720195
0 0.8438984375 0.12260340632603405 0.10279687500000001 0.24442822384428223
0 0.5476640625 0.25805352798053527 0.125546875 0.5078832116788321
0 0.7648515625000001 0.03931873479318735 0.080828125 0.07416058394160584
0 0.10928125 0.25531630170316305 0.08950000000000001 0.2965206812652068
0 0.024257812500000003 0.16768856447688565 0.038703125000000005 0.09075425790754257
0 0.3401015625 0.07367396593673967 0.05360937500000001 0.14734793187347933
0 0.3880234375 0.2781751824817519 0.056796875000000004 0.4421897810218978
