0 0.1323671875 0.7587470725995317 0.047734375 0.1164168618266979
0 0.12875 0.8827166276346603 0.08978125 0.23456674473067915
0 0.5718593750000001 0.6537587822014053 0.03840625 0.20789227166276344
0 0.4286328125 0.8935362997658078 0.06901562500000001 0.21292740046838407
0 0.6881328125000001 0.8452927400468384 0.110703125 0.27353629976580796
0 0.8958359375000001 0.8146018735362998 0.037484375 0.060679156908665106
0 0.7241484375000001 0.6526346604215457 0.052453125 0.21065573770491805
0 0.3985703125 0.6262646370023419 0.038578125000000005 0.13370023419203747
0 0.34725 0.678711943793911 0.055406250000000004 0.23447306791569086
0 0.21953125 0.6519086651053865 0.043500000000000004 0.16976580796252927
0 0.219828125 0.8385597189695551 0.045062500000000005 0.13857142857142857
0 0.09019531250000001 0.8924473067915691 0.050390625 0.2123887587822014
0 0.463390625 0.7379508196721312 0.0491875 0.17004683840749416
0 0.5 0.7435597189695551 0.9968750000000001 0.5081967213114754
