0 0.06844531250000001 0.09538539553752536 0.135015625 0.1907707910750507
0 0.267453125 0.0917342799188641 0.09415625 0.1834685598377282
0 0.1985859375 0.08121703853955375 0.059328125 0.15975659229208924
0 0.3766796875 0.13325557809330627 0.045921875 0.07073022312373224
0 0.4463984375 0.08206896551724138 0.069765625 0.1623529411764706
0 0.08453125 0.2115415821501014 0.15859375 0.07918864097363083
0 0.0195234375 0.09130831643002028 0.036390625 0.17985801217038538
0 0.534640625 0.014482758620689654 0.03540625 0.026409736308316428
0 0.1398515625 0.08384381338742393 0.062640625 0.12582150101419878
0 0.6349375 0.015780933062880326 0.052875000000000005 0.030588235294117645
