0 0.25234375000000003 0.7707783018867924 0.31115625 0.43146226415094335
0 0.1793984375 0.6359551886792452 0.093796875 0.368561320754717
0 0.646671875 0.4573466981132075 0.057531250000000006 0.16393867924528302
0 0.6961328125000001 0.4930542452830189 0.080015625 0.18851415094339624
0 0.772578125 0.5028655660377358 0.0748125 0.1844575471698113
0 0.28044531250000004 0.49444575471698105 0.11792187500000001 0.18724056603773584
0 0.3230546875 0.36086084905660376 0.13698437500000002 0.23752358490566036
0 0.35374218749999997 0.6581132075471698 0.18060937500000002 0.3545754716981132
0 0.596015625 0.4315919811320755 0.06290625 0.12837264150943395
0 0.819203125 0.536497641509434 0.1549375 0.23266509433962265
0 0.22072656250000003 0.49773584905660373 0.044203125 0.1707075471698113
0 0.9209140625000001 0.6044693396226415 0.15817187500000002 0.28558962264150944
