0 0.463203125 0.42348668280871676 0.011312500000000001 0.0313317191283293
0 0.5015625 0.4141283292978209 0.012718750000000001 0.037457627118644074
0 0.3935234375 0.43071428571428577 0.015359375000000001 0.048837772397094435
0 0.36421875000000004 0.43190072639225185 0.019750000000000004 0.04549636803874092
0 0.327140625 0.4304721549636804 0.01184375 0.0501452784503632
0 0.4335078125000001 0.428087167070218 0.011234375000000001 0.05365617433414044
0 0.4110390625 0.430544794188862 0.006890625000000001 0.052808716707021794
0 0.35578906250000003 0.4322397094430993 0.012078125000000002 0.045786924939467316
0 0.41658593749999995 0.4334382566585957 0.010046875 0.04460048426150122
0 0.405265625 0.43013317191283296 0.00859375 0.04995157384987894
6 0.8565 0.5314164648910412 0.05434375 0.056924939467312356
0 0.48607812499999997 0.42549636803874097 0.013500000000000002 0.05443099273607749
0 0.3759296875 0.4297094430992736 0.014578125 0.05268765133171913
0 0.4758203125 0.4264285714285715 0.009046875000000001 0.05571428571428572
