3 0.5665468750000001 0.7029362101313321 0.19462500000000002 0.5842589118198874
0 0.8000625 0.42403377110694185 0.1029375 0.5527954971857411
0 0.7345625 0.4052439024390244 0.08421875000000001 0.5415572232645403
0 0.5926015625 0.23375234521575985 0.08064062500000001 0.11834896810506566
0 0.5521953125000001 0.2248874296435272 0.046015625000000004 0.03724202626641651
0 0.3409375 0.19121951219512193 0.0305 0.0574859287054409
0 0.40409375000000003 0.19950281425891184 0.03315625 0.08969981238273922
0 0.364703125 0.23434333958724202 0.04621875 0.08696060037523452
0 0.3222343750000001 0.27192307692307693 0.07496875 0.1223452157598499
0 0.6317265624999999 0.23060975609756096 0.033671875000000004 0.1524765478424015
0 0.26328125 0.36361163227016885 0.10346875 0.3346153846153846
0 0.7027421875000001 0.3955065666041276 0.091703125 0.5213320825515948
0 0.1556875 0.2284615384615385 0.0355 0.09260787992495309
0 0.1181875 0.23208255159474672 0.047093750000000004 0.10405253283302064
0 0.5007812500000001 0.28893058161350843 0.8921875 0.3302063789868668
