0 0.21895 0.56968 0.20246 0.5986133333333333
0 0.041839999999999995 0.48516 0.0688 0.16445333333333334
0 0.34539 0.49330666666666667 0.056100000000000004 0.11818666666666666
0 0.47187 0.5343466666666666 0.05578 0.07189333333333334
0 0.64719 0.5337066666666667 0.04718 0.06965333333333333
0 0.50338 0.4728933333333333 0.07832 0.14941333333333334
0 0.55313 0.4658533333333334 0.049780000000000005 0.12210666666666666
0 0.35746000000000006 0.4740533333333333 0.0582 0.11317333333333332
0 0.69953 0.5334666666666666 0.05906 0.06698666666666667
0 0.71541 0.4692533333333333 0.049780000000000005 0.11413333333333332
0 0.78951 0.5068133333333333 0.06322 0.11816
0 0.86517 0.45783999999999997 0.05486 0.11792
0 0.44223 0.4749466666666667 0.06394 0.12562666666666666
0 0.421 0.4013333333333333 0.706 0.36
