0 0.053828125000000004 0.18134375 0.07265625 0.10289583333333334
0 0.5620781250000001 0.6101145833333333 0.32528125 0.5236041666666666
0 0.623515625 0.20224999999999999 0.13834375000000002 0.40449999999999997
0 0.140015625 0.174875 0.06759375 0.09945833333333334
0 0.40625 0.59234375 0.27196875000000004 0.7454791666666666
0 0.0997578125 0.18457291666666667 0.036203125 0.08647916666666666
0 0.242390625 0.15448958333333335 0.085375 0.13064583333333332
0 0.966984375 0.06454166666666666 0.0590625 0.09579166666666666
0 0.8276562500000001 0.07738541666666668 0.0405625 0.0906875
0 0.861390625 0.07027083333333334 0.04650000000000001 0.09425
0 0.79271875 0.11516666666666667 0.01953125 0.016041666666666666
0 0.4433828125 0.10482291666666667 0.037484375 0.1690625
