0 0.809763071895425 0.24980392156862746 0.07364379084967321 0.13183006535947714
0 0.7525653594771242 0.26678104575163397 0.048039215686274506 0.10104575163398694
0 0.07973039215686276 0.4044771241830065 0.1594607843137255 0.3750980392156863
0 0.8388235294117647 0.29058823529411765 0.1011764705882353 0.10588235294117647
0 0.27336601307189545 0.32396241830065364 0.029771241830065357 0.0332843137254902
0 0.45260620915032684 0.4064950980392157 0.17442810457516342 0.3826307189542484
0 0.3856454248366013 0.3082352941176471 0.027826797385620917 0.05522875816993464
0 0.53109477124183 0.2919199346405229 0.04637254901960784 0.08668300653594771
0 0.40469771241830066 0.33531045751633987 0.03348039215686274 0.06104575163398693
0 0.25502450980392155 0.3190441176470588 0.014297385620915034 0.02919934640522876
0 0.20750816993464052 0.32183823529411765 0.02468954248366013 0.027663398692810457
0 0.3707107843137255 0.3212418300653595 0.018447712418300653 0.04084967320261438
0 0.30246732026143797 0.31669934640522873 0.010588235294117648 0.0180718954248366
0 0.4869281045751634 0.2834967320261438 0.7973856209150327 0.08986928104575163
