2 0.6525390625 0.8695937499999999 0.027984375000000002 0.012104166666666666
2 0.48534375 0.83765625 0.021718750000000002 0.010645833333333334
2 0.500125 0.8328125 0.01971875 0.014291666666666668
2 0.9339765625 0.8493541666666666 0.017640625 0.013958333333333333
2 0.84753125 0.8499895833333333 0.025875 0.015520833333333333
6 0.2641640625 0.9643854166666666 0.074640625 0.0396875
2 0.6994609375 0.8119479166666667 0.008609375 0.011479166666666665
2 0.605609375 0.8499687499999999 0.012968750000000001 0.01627083333333333
4 0.6855234375000001 0.85140625 0.029328125 0.04535416666666667
6 0.35750000000000004 0.9500416666666668 0.07978125000000001 0.04833333333333333
6 0.8948984375000001 0.8703020833333334 0.021078125000000003 0.03277083333333333
6 0.9193984375000002 0.8725208333333333 0.023703125000000002 0.03808333333333334
2 0.5353046874999999 0.86859375 0.024859375000000003 0.0103125
2 0.47694531250000005 0.8550104166666666 0.011703125000000002 0.019854166666666666
2 0.4835546875000001 0.8435833333333334 0.013046875 0.009375
2 0.8075078125000001 0.8696770833333333 0.023046875 0.015354166666666667
6 0.8645390625000001 0.8683854166666666 0.035078125 0.041645833333333326
2 0.6257734374999999 0.8110625 0.008484375 0.01583333333333333
6 0.7447890625000001 0.8418020833333333 0.018765625 0.025020833333333332
6 0.6850234375 0.8507291666666666 0.028453125000000003 0.04425
6 0.6059062500000001 0.8493645833333333 0.0124375 0.01589583333333333
2 0.71640625 0.8447916666666666 0.5640625 0.11041666666666666
