0 0.7118203125000001 0.5033816964285713 0.38310937500000003 0.8964062499999998
0 0.48764062500000005 0.7797767857142858 0.34921875 0.4179910714285714
0 0.8579531250000001 0.14979910714285716 0.08418750000000001 0.1555357142857143
0 0.9454218750000001 0.16072544642857142 0.0870625 0.1424330357142857
0 0.057999999999999996 0.17256696428571427 0.08875 0.10294642857142856
0 0.17500000000000002 0.058560267857142856 0.085125 0.10810267857142856
0 0.15932812500000001 0.1214955357142857 0.09796875000000001 0.11544642857142856
0 0.0627578125 0.09666294642857143 0.09998437500000001 0.16265625
0 0.8551875 0.04979910714285714 0.06021875 0.09607142857142856
0 0.9206640625000001 0.07430803571428572 0.079203125 0.14741071428571428
0 0.821 0.050624999999999996 0.05778125 0.10035714285714285
0 0.4716328125 0.03513392857142857 0.15251562500000002 0.07026785714285715
0 0.9904765625 0.15372767857142858 0.019046875 0.061026785714285714
0 0.52890625 0.09598214285714285 0.9296875 0.1919642857142857
