0 0.0840625 0.3831469298245614 0.168125 0.7573026315789473
0 0.5032265625 0.45851973684210523 0.361046875 0.8363377192982456
0 0.7277109375 0.17302631578947367 0.20654687500000002 0.34157894736842104
0 0.8372031249999999 0.19111842105263158 0.034 0.1087719298245614
0 0.8881953125000002 0.20416666666666664 0.041390625 0.13359649122807019
0 0.978734375 0.22359649122807018 0.04253125 0.1730263157894737
3 0.8997187500000001 0.31127192982456137 0.15728125 0.17039473684210527
0 0.39503906250000004 0.1425877192982456 0.099296875 0.2639035087719298
0 0.4602109375 0.18906798245614034 0.035578125 0.05616228070175438
0 0.9288359374999999 0.20219298245614034 0.068140625 0.1825
0 0.013203125000000003 0.09160087719298245 0.02496875 0.10293859649122807
3 0.5025078125000001 0.5562609649122807 0.799734375 0.7399780701754386
0 0.28203125 0.18290570175438595 0.1255625 0.34111842105263157
0 0.6579765625 0.16830043859649124 0.059765625 0.07655701754385964
