6 0.39343750000000005 0.5317488262910799 0.446875 0.24819248826291082
6 0.855640625 0.2813849765258216 0.09803125000000001 0.12624413145539906
0 0.054578125000000005 0.3654694835680751 0.01671875 0.06065727699530517
0 0.0649453125 0.3549647887323944 0.020203125000000002 0.0578169014084507
0 0.0378671875 0.42534037558685445 0.018328125 0.07861502347417841
0 0.5699843750000001 0.3166666666666666 0.01109375 0.025446009389671363
2 0.21763281250000005 0.8230399061032865 0.22585937500000003 0.1573004694835681
2 0.21117968750000002 0.9367723004694836 0.267140625 0.12556338028169015
2 0.41134375 0.8865140845070424 0.19743750000000002 0.1865023474178404
2 0.51371875 0.9661384976525822 0.191125 0.06772300469483569
2 0.6575937500000001 0.8930281690140845 0.19559375 0.20413145539906102
2 0.07165625 0.8273591549295775 0.1433125 0.1774882629107981
2 0.044625 0.9557863849765259 0.08925 0.0877699530516432
0 0.0453984375 0.3588849765258216 0.014015625000000002 0.0677699530516432
0 0.015281250000000003 0.35427230046948355 0.01265625 0.0612206572769953
0 0.595578125 0.30915492957746477 0.01059375 0.050985915492957744
0 0.096796875 0.3558920187793427 0.015593750000000002 0.06323943661971831
0 0.7960703125 0.27816901408450706 0.005609375 0.030892018779342723
0 0.8032187500000001 0.2756924882629108 0.010812500000000001 0.03490610328638497
0 0.085609375 0.3633098591549296 0.012375 0.05605633802816901
0 0.11274218749999998 0.35789906103286384 0.011546875 0.059741784037558684
0 0.6115468750000002 0.3009859154929577 0.01240625 0.037887323943661975
2 0.6268828125 0.5154107981220657 0.074265625 0.08077464788732394
2 0.7191562500000002 0.4615492957746479 0.08059375 0.07272300469483568
2 0.807890625 0.45056338028169013 0.097 0.10422535211267606
2 0.7037578125000001 0.4179694835680751 0.07279687500000001 0.06772300469483569
2 0.6090703125000001 0.4107042253521127 0.082828125 0.0808450704225352
2 0.7664453125000001 0.4295539906103287 0.037640625000000004 0.05516431924882629
6 0.8988984375000002 0.8915023474178403 0.20173437500000002 0.21666666666666667
2 0.54921875 0.42488262910798125 0.8984375 0.3380281690140845
0 0.5 0.45892018779342725 0.9968750000000001 0.7910798122065728
