3 0.3038671875000001 0.7280562060889929 0.171640625 0.2848711943793911
0 0.7449765625 0.4237587822014051 0.472703125 0.8340749414519906
0 0.17430468750000003 0.6430210772833723 0.12923437499999998 0.4707259953161593
0 0.04872656250000001 0.6595433255269321 0.09445312500000001 0.465175644028103
0 0.438375 0.649215456674473 0.11006250000000001 0.24845433255269322
0 0.8888359375000001 0.6356908665105386 0.07732812500000001 0.3940515222482435
0 0.672984375 0.599344262295082 0.10218750000000001 0.3914285714285714
0 0.2687109375 0.6401990632318502 0.112796875 0.3239578454332553
0 0.5226015625 0.6125175644028104 0.077796875 0.28124121779859484
0 0.9413437500000001 0.6679274004683841 0.05475 0.29969555035128803
0 0.4426953125 0.45593676814988293 0.148984375 0.24953161592505854
