0 0.4212676056338028 0.515765625 0.6530516431924882 0.83109375
0 0.8322535211267605 0.1731015625 0.2031924882629108 0.176828125
0 0.7522769953051645 0.30153906250000007 0.2267605633802817 0.179171875
0 0.6286384976525822 0.16330468750000002 0.12638497652582162 0.170203125
0 0.38960093896713616 0.12260156250000001 0.3047417840375587 0.24520312500000002
0 0.10132629107981223 0.251421875 0.1896478873239437 0.12834375
0 0.6718309859154931 0.12696875 0.26333333333333336 0.24943749999999998
0 0.2752582159624413 0.046492187500000004 0.14483568075117373 0.09298437500000001
0 0.3258802816901408 0.18160937500000002 0.11312206572769953 0.12665625
0 0.9089201877934272 0.11979687500000001 0.18215962441314554 0.22746875000000003
0 0.20884976525821597 0.0754921875 0.06845070422535211 0.049703125
