0 0.3013817330210773 0.5722343750000001 0.1540983606557377 0.329125
0 0.6446135831381733 0.574921875 0.1429976580796253 0.29125
0 0.7691100702576111 0.45935156250000003 0.04894613583138173 0.06992187500000001
0 0.2782201405152225 0.31717187500000005 0.036721311475409836 0.045187500000000005
0 0.37975409836065577 0.2980546875 0.024473067915690865 0.031015625000000005
0 0.7005971896955503 0.302484375 0.03697892271662763 0.028625
0 0.458536299765808 0.47089843750000004 0.05440281030444965 0.111671875
0 0.5041451990632319 0.4727734375 0.03995316159250585 0.098046875
0 0.8232903981264638 0.2986875 0.030374707259953164 0.035812500000000004
0 0.7892271662763466 0.4546171875 0.029320843091334894 0.058671875
0 0.3194379391100703 0.3155234375 0.02037470725995316 0.04454687500000001
