0 0.4641953125 0.5527868852459016 0.17614062500000002 0.4340046838407494
0 0.8991484375000001 0.4324707259953162 0.048640625 0.25651053864168616
0 0.8591015624999999 0.41347775175644025 0.044984375 0.07192037470725995
0 0.2670703125 0.5430444964871194 0.071828125 0.26107728337236535
0 0.26421875000000006 0.3700234192037471 0.11390625000000001 0.14562060889929743
0 0.7917968750000001 0.4674121779859485 0.05165625000000001 0.16995316159250584
0 0.33809375 0.5314637002341921 0.07346875000000001 0.24044496487119438
0 0.20194531250000003 0.46704918032786885 0.06085937500000001 0.3334894613583138
0 0.39198437500000005 0.5267564402810304 0.0708125 0.2512177985948478
0 0.051328125 0.4903747072599532 0.071 0.37278688524590164
0 0.6788984375 0.520480093676815 0.070328125 0.23266978922716627
0 0.40342187500000004 0.4270725995316159 0.065625 0.21255269320843093
0 0.1699609375 0.5023536299765808 0.068859375 0.18920374707259954
0 0.76171875 0.40398126463700235 0.40468750000000003 0.19437939110070257
