0 0.140421875 0.30927083333333333 0.08625000000000001 0.10670833333333334
0 0.20114843750000003 0.33526041666666667 0.08023437500000001 0.11452083333333334
0 0.27353125 0.37384375 0.09971875000000001 0.1189375
0 0.349421875 0.4081875 0.07821875 0.12320833333333334
0 0.44603125 0.44202083333333336 0.108625 0.13824999999999998
0 0.518203125 0.4832916666666666 0.10040625000000002 0.1393333333333333
0 0.629921875 0.52578125 0.10809375000000002 0.1449375
0 0.9155703125000001 0.23930208333333336 0.102203125 0.10902083333333333
0 0.8238046875 0.20689583333333333 0.08957812500000001 0.11329166666666667
0 0.0703359375 0.27340625 0.07392187500000001 0.1125625
0 0.7533125 0.18839583333333335 0.0845625 0.10920833333333334
0 0.664 0.15768749999999998 0.09284375 0.10308333333333332
0 0.6060703125 0.1421875 0.07660937500000001 0.09575
0 0.49531250000000004 0.11562499999999999 0.1375 0.09375
