0 0.13958888888888887 0.28940748440748437 0.18255555555555555 0.4769022869022869
0 0.3194444444444444 0.22413721413721416 0.07586666666666667 0.3097713097713098
0 0.4126666666666667 0.2188773388773389 0.05466666666666667 0.14914760914760913
0 0.5947444444444444 0.2301975051975052 0.06295555555555556 0.17532224532224533
0 0.6387111111111111 0.22243243243243244 0.042444444444444444 0.15962577962577965
0 0.6933777777777778 0.21837837837837837 0.0344 0.09284823284823285
0 0.9216666666666666 0.1723284823284823 0.023911111111111112 0.02731808731808732
0 0.815911111111111 0.22134095634095635 0.07479999999999999 0.1643035343035343
0 0.8799444444444444 0.21570686070686074 0.02651111111111111 0.10068607068607069
0 0.5230555555555556 0.21766112266112267 0.04122222222222222 0.11781704781704783
0 0.7601555555555556 0.2127858627858628 0.027466666666666667 0.08490644490644492
0 0.44624444444444444 0.20025987525987526 0.032711111111111114 0.05968814968814969
0 0.2691222222222222 0.28090436590436596 0.12051111111111111 0.36642411642411643
0 0.46 0.3004158004158004 0.9155555555555556 0.3804573804573805
