0 0.44547984644913624 0.4392890625 0.25034548944337814 0.156640625
0 0.11384836852207293 0.9111171875 0.046660268714011514 0.05404687500000001
0 0.38396353166986563 0.9354374999999999 0.03621880998080614 0.032875
0 0.6355662188099808 0.9310312500000001 0.027332053742802304 0.03740625
0 0.8789347408829175 0.9308203125000001 0.02566218809980806 0.034390625
0 0.4566122840690978 0.191796875 0.06877159309021112 0.08559375000000001
0 0.8164491362763915 0.1833515625 0.06898272552783109 0.081296875
0 0.12554702495201533 0.2054296875 0.03078694817658349 0.056046874999999996
0 0.12363723608445298 0.0563046875 0.01618042226487524 0.029953125000000004
0 0.3680518234165067 0.0542109375 0.024702495201535505 0.035609375
0 0.6160940499040307 0.055999999999999994 0.02727447216890595 0.038875
0 0.8537619961612284 0.055085937499999994 0.026871401151631478 0.038890625000000005
