4 0.5449687500000001 0.4494394618834081 0.166 0.1887443946188341
0 0.7330000000000001 0.4541031390134529 0.21975 0.2397309417040359
0 0.225 0.6031390134529148 0.1625 0.6591928251121076
0 0.1456953125 0.49317264573991026 0.024828125000000003 0.12056053811659194
0 0.468109375 0.4828587443946188 0.03778125 0.10585201793721973
0 0.675546875 0.48779147982062776 0.02665625 0.05737668161434977
0 0.40740625 0.4803811659192825 0.025156250000000005 0.060358744394618837
0 0.5707265625 0.42460762331838564 0.013515625000000002 0.022174887892376684
0 0.44954687500000007 0.48228699551569504 0.032968750000000005 0.10623318385650225
0 0.06007812500000001 0.4653923766816143 0.00709375 0.03172645739910314
0 0.4954296875 0.40800448430493275 0.030734375000000005 0.020403587443946186
1 0.4604765625 0.508542600896861 0.052359375 0.05479820627802691
0 0.8681796875000001 0.5132511210762332 0.027109375000000005 0.06031390134529148
1 0.4423203125 0.5066143497757848 0.026421875 0.04874439461883408
1 0.41142187500000005 0.5027130044843049 0.010625 0.03376681614349776
