0 0.9504385964912281 0.7024062500000001 0.09912280701754386 0.21809375000000003
0 0.12165570175438596 0.7498515625 0.13616228070175437 0.304515625
0 0.22245614035087719 0.7098515625 0.09337719298245613 0.20485937500000004
0 0.18177631578947367 0.625 0.030175438596491227 0.03309375
0 0.3148793859649122 0.631484375 0.028135964912280702 0.044625
0 0.8114802631578947 0.6128671875 0.02418859649122807 0.025390625
0 0.35178728070175436 0.6353203125000001 0.032127192982456136 0.033890625
0 0.8404495614035086 0.6225312500000001 0.026162280701754383 0.05859375
0 0.8686513157894735 0.6174843750000001 0.02611842105263158 0.044250000000000005
0 0.7907017543859649 0.616453125 0.020570175438596492 0.01984375
0 0.7479605263157895 0.6288281250000001 0.038377192982456135 0.046375
0 0.1669298245614035 0.6303125 0.017719298245614034 0.0315
0 0.5142543859649122 0.690625 0.9671052631578947 0.23750000000000002
