0 0.5715520833333334 0.8425312500000001 0.1940625 0.31493750000000004
0 0.07617708333333333 0.7161953125 0.13322916666666668 0.22217187500000002
0 0.250375 0.6772812500000001 0.09183333333333332 0.12721875000000002
0 0.6630833333333334 0.5713828125 0.021249999999999998 0.011765625000000002
0 0.17234375 0.6865 0.0895625 0.1715625
0 0.83846875 0.6543125000000001 0.08110416666666667 0.03721875
0 0.7464375000000001 0.6806328125000001 0.065125 0.106796875
0 0.6906979166666667 0.5723203124999999 0.019187500000000003 0.016296875
0 0.569125 0.5779296875000001 0.03320833333333333 0.019921875000000002
0 0.16815625 0.5307578125 0.019979166666666666 0.027546875
0 0.9708645833333334 0.5619843750000001 0.0105625 0.00834375
0 0.35486458333333337 0.8036249999999999 0.1860625 0.37209375
0 0.93778125 0.9263593750000001 0.12443749999999999 0.14728125
0 0.5364583333333334 0.8031250000000001 0.70625 0.3875
