0 0.52578 0.24346153846153845 0.02136 0.11615384615384616
0 0.84036 0.2163157894736842 0.032560000000000006 0.091417004048583
0 0.80055 0.6887651821862348 0.01702 0.09024291497975709
0 0.20556 0.22676113360323885 0.02128 0.09975708502024291
0 0.5052000000000001 0.6938866396761134 0.038079999999999996 0.08161943319838057
0 0.17925 0.6490688259109312 0.0389 0.058785425101214574
0 0.34475 0.20242914979757085 0.01334 0.052712550607287446
0 0.71532 0.22789473684210526 0.0096 0.044939271255060725
0 0.77604 0.6567004048582996 0.0074800000000000005 0.03186234817813765
0 0.08760000000000001 0.6824493927125506 0.00868 0.03672064777327935
0 0.43104000000000003 0.6813765182186234 0.009640000000000001 0.03959514170040486
