0 0.4760859375 0.28913145539906104 0.24176562499999998 0.5739906103286385
0 0.7127421875 0.34088028169014084 0.354515625 0.678661971830986
0 0.5452109375 0.817981220657277 0.5369843750000001 0.2831455399061033
0 0.6946640625 0.5572535211267605 0.558421875 0.8590610328638497
0 0.08268750000000001 0.35183098591549294 0.16537500000000002 0.6827230046948356
0 0.5130625000000001 0.3114201877934273 0.39890625 0.3296478873239437
0 0.17850781250000003 0.30003521126760563 0.07392187500000001 0.24983568075117374
0 0.04778125 0.701255868544601 0.09431250000000001 0.42401408450704225
0 0.9320625 0.5634507042253522 0.135875 0.8730985915492958
0 0.6679765625 0.11707746478873239 0.124171875 0.23316901408450705
0 0.5856015625 0.1181455399061033 0.09789062500000001 0.23281690140845074
0 0.20789843750000003 0.15514084507042256 0.10682812500000001 0.2962910798122066
