0 0.8443800000000001 0.38583999999999996 0.15588 0.21429333333333334
0 0.78889 0.44436 0.04686 0.10141333333333333
2 0.59666 0.5037066666666666 0.04804 0.03258666666666667
2 0.5189499999999999 0.49196 0.06874 0.08648
2 0.12472 0.47796 0.24944 0.5438133333333334
2 0.57304 0.47684 0.023600000000000003 0.02472
0 0.29573000000000005 0.42513333333333336 0.049740000000000006 0.09117333333333333
2 0.46941 0.49487999999999993 0.04378 0.031733333333333336
2 0.62993 0.4822533333333333 0.024059999999999998 0.019333333333333334
2 0.35138 0.49724 0.2442 0.3255733333333333
2 0.76855 0.4440133333333333 0.4629 0.5364533333333332
