0 0.33630468750000003 0.6387089715536105 0.214984375 0.679562363238512
0 0.1674296875 0.6768599562363239 0.273703125 0.620984682713348
0 0.5869609375000001 0.36397155361050326 0.011234375000000001 0.03595185995623632
0 0.268421875 0.3948249452954048 0.057406250000000006 0.11590809628008752
0 0.7783593750000001 0.5315317286652078 0.09740625000000001 0.33015317286652074
0 0.19391406249999998 0.45517505470459513 0.166515625 0.3406783369803063
2 0.8801874999999999 0.44184901531728665 0.20528125 0.20212253829321664
0 0.4484453125 0.3968271334792122 0.041328125 0.1685339168490153
0 0.4749296875 0.5027024070021882 0.095671875 0.3741575492341357
0 0.0733359375 0.45387308533916854 0.10539062500000002 0.4354048140043763
0 0.05857812500000001 0.29028446389496715 0.030218750000000003 0.05846827133479212
0 0.5126796875 0.5213457330415755 0.117140625 0.3640481400437637
0 0.43228125000000006 0.5122428884026258 0.08353125 0.3233916849015317
3 0.85609375 0.7329868708971554 0.26253125000000005 0.394945295404814
0 0.29403125 0.36305251641137853 0.040093750000000004 0.08916849015317287
0 0.38906250000000003 0.5590809628008753 0.753125 0.6542669584245077
