2 0.6775625000000001 0.5949270833333333 0.025468750000000002 0.0364375
2 0.43880468750000007 0.60334375 0.033359375000000004 0.0313125
6 0.4930000000000001 0.6029270833333332 0.07750000000000001 0.0541875
6 0.9031250000000001 0.6144166666666667 0.19337500000000002 0.21691666666666667
0 0.651015625 0.635125 0.02859375 0.09416666666666668
0 0.44412500000000005 0.6353125 0.01621875 0.07050000000000001
0 0.8002421875 0.6100520833333333 0.014515624999999999 0.0606875
0 0.5924765625 0.5981145833333332 0.014359375 0.05235416666666667
0 0.570515625 0.5843229166666666 0.0118125 0.029812500000000002
0 0.750859375 0.60734375 0.014531250000000002 0.0584375
6 0.1397890625 0.5983854166666667 0.11385937500000001 0.10097916666666666
6 0.541734375 0.5888125 0.04125 0.043875
6 0.1029609375 0.541375 0.012984375000000001 0.013999999999999999
0 0.42890625000000004 0.6065624999999999 0.011687500000000002 0.031875
6 0.710125 0.5901666666666667 0.0486875 0.05458333333333333
0 0.7364765625 0.6026041666666666 0.008296875 0.050791666666666666
