2 0.510953125 0.9793373493975903 0.08153125 0.04132530120481928
2 0.4519609375 0.8881626506024097 0.064046875 0.06403614457831326
2 0.4328046875 0.8694277108433737 0.06007812500000001 0.051084337349397595
2 0.4069375 0.8241415662650603 0.06815625 0.07033132530120483
2 0.39603125 0.7845030120481927 0.064875 0.05834337349397591
2 0.3831640625 0.7662048192771085 0.046765625000000005 0.03668674698795181
2 0.3633671875 0.7390963855421687 0.039765625 0.043433734939759036
2 0.34681249999999997 0.6969578313253013 0.03596875 0.031204819277108435
2 0.37990625 0.7529518072289157 0.05812500000000001 0.05602409638554218
2 0.49119531250000004 0.9714006024096385 0.06092187500000001 0.05599397590361446
2 0.475765625 0.9497590361445784 0.06134375 0.06349397590361446
2 0.28998437499999996 0.5851506024096386 0.031 0.027168674698795182
2 0.3065859375 0.623855421686747 0.040171875 0.02355421686746988
2 0.33906250000000004 0.6701807228915663 0.21875 0.3885542168674699
