0 0.600439330543933 0.11683593750000001 0.09757322175732216 0.19948437500000002
0 0.6440481171548117 0.11205468750000001 0.08278242677824267 0.20682812500000003
0 0.83005230125523 0.30707031250000005 0.11696652719665271 0.18567187500000001
0 0.6920292887029287 0.403375 0.13841004184100417 0.24943749999999998
0 0.8821025104602509 0.5370625000000001 0.1967154811715481 0.3275625
0 0.3626882845188284 0.2574921875 0.0969246861924686 0.22595312500000003
0 0.835460251046025 0.36815625 0.1695397489539749 0.13190625
3 0.5084832635983263 0.7471875 0.6318619246861924 0.24943749999999998
3 0.5307322175732218 0.6393671875 0.5415481171548117 0.183171875
3 0.40991631799163175 0.5310859375 0.5463598326359833 0.217640625
2 0.33130753138075314 0.15939843750000002 0.2882635983263598 0.182421875
3 0.3392991631799163 0.4554921875 0.4879707112970711 0.18801562500000002
3 0.1648953974895397 0.2833125 0.2891213389121338 0.2255
3 0.3720188284518828 0.2415234375 0.3866317991631799 0.217046875
3 0.44173640167364014 0.41951562500000006 0.3546443514644351 0.17315625
0 0.8148430962343096 0.4982265625 0.046799163179916316 0.160703125
