0 0.2747265625 0.1299414519906323 0.033640625 0.07117096018735364
0 0.8243046875 0.4447540983606557 0.10348437500000002 0.14960187353629978
0 0.5302578125 0.11114754098360656 0.027546875 0.15756440281030445
0 0.29578906250000003 0.4188056206088993 0.10104687500000001 0.15789227166276348
0 0.9833750000000001 0.18202576112412178 0.031125000000000003 0.07997658079625293
0 0.3768828125 0.15269320843091336 0.052953125000000004 0.05433255269320843
0 0.1259609375 0.08641686182669789 0.027765625000000002 0.13629976580796255
0 0.8241015625000001 0.1596487119437939 0.026890625 0.11114754098360656
0 0.7788359375 0.15833723653395784 0.026140625 0.10941451990632318
0 0.6589921875 0.17403981264637003 0.024109375000000002 0.06053864168618267
0 0.506296875 0.14806791569086653 0.0316875 0.08339578454332552
0 0.44783593750000006 0.15441451990632318 0.036921875 0.06166276346604215
0 0.485953125 0.15353629976580796 0.023625 0.0718032786885246
