0 0.6943828125000001 0.7853958333333333 0.219109375 0.40675
0 0.9066171875000001 0.8422083333333333 0.18676562500000002 0.3155833333333333
0 0.4545625 0.34839583333333335 0.07487500000000001 0.13641666666666669
0 0.6866796875000001 0.4482291666666667 0.132328125 0.26116666666666666
0 0.57359375 0.3425416666666667 0.284625 0.40429166666666666
0 0.511734375 0.77984375 0.17475000000000002 0.43906249999999997
0 0.35387500000000005 0.7413541666666668 0.16196875 0.4812083333333333
0 0.16432812500000002 0.5195416666666667 0.32865625000000004 0.9280833333333334
0 0.24186718750000002 0.3819895833333333 0.13864062500000002 0.18389583333333331
0 0.802015625 0.45547916666666666 0.10403125 0.22595833333333332
0 0.5428203125 0.13152083333333334 0.140109375 0.2630416666666667
0 0.367375 0.20322916666666668 0.17171875000000003 0.4046666666666667
0 0.9166640625000002 0.5105833333333333 0.16667187500000002 0.19379166666666667
0 0.1453125 0.23541666666666666 0.215625 0.4708333333333333
