0 0.533 0.5449414519906323 0.46628125000000004 0.8831381733021078
0 0.31796875 0.6598360655737705 0.109375 0.33840749414519905
0 0.7009375000000001 0.6686651053864168 0.15909375 0.3754098360655738
0 0.8568515625 0.66403981264637 0.15442187500000001 0.3707962529274005
0 0.8539687499999999 0.2000585480093677 0.12690625 0.15562060889929744
0 0.6455078125 0.19077283372365342 0.103109375 0.1935831381733021
0 0.07821875 0.2070257611241218 0.11175 0.165807962529274
0 0.045421875 0.746288056206089 0.09084375 0.30096018735362995
0 0.18476562500000002 0.6838173302107728 0.19562500000000002 0.4202810304449649
0 0.45489843750000003 0.12846604215456675 0.11273437500000001 0.2569320843091335
0 0.5829140625 0.1682786885245902 0.047640625 0.22976580796252927
0 0.8065234375 0.03637002341920374 0.10829687500000001 0.06875878220140515
