2 0.49348484848484847 0.6014700000000001 0.1804848484848485 0.07562
2 0.6818939393939393 0.57976 0.07657575757575757 0.05172
2 0.9145454545454544 0.60827 0.15624242424242424 0.09022
2 0.8142878787878787 0.56249 0.03881818181818182 0.02422
2 0.8452272727272727 0.5585699999999999 0.03584848484848485 0.02478
2 0.9027121212121212 0.5545400000000001 0.06306060606060605 0.03544
2 0.7324999999999999 0.5743299999999999 0.055121212121212126 0.039619999999999995
2 0.7936060606060605 0.56586 0.038 0.02724
0 0.6042272727272727 0.55342 0.024939393939393942 0.01632
2 0.5800151515151515 0.5937100000000001 0.09015151515151515 0.062259999999999996
2 0.6414393939393939 0.5864300000000001 0.07693939393939395 0.0559
2 0.7595757575757576 0.57104 0.068 0.03932
