2 0.57696 0.5121020408163266 0.24536000000000002 0.11800000000000001
2 0.87027 0.5275408163265307 0.20550000000000002 0.08275510204081633
0 0.06867000000000001 0.5029081632653062 0.13334000000000001 0.38095918367346937
0 0.44799 0.6283979591836736 0.14882 0.17700000000000002
0 0.87951 0.6334897959183673 0.16262000000000001 0.18942857142857142
0 0.61245 0.6292653061224491 0.19118000000000002 0.18416326530612245
0 0.85264 0.5064081632653062 0.0892 0.1679591836734694
0 0.7782000000000001 0.48675510204081635 0.03616 0.0689387755102041
0 0.29577 0.617122448979592 0.18098 0.18918367346938778
0 0.21135 0.5010102040816327 0.12762 0.3838571428571429
0 0.96891 0.5837142857142857 0.06218 0.2783673469387756
2 0.41344000000000003 0.5191428571428571 0.09112 0.08412244897959184
2 0.9517700000000001 0.5082857142857143 0.0599 0.0769795918367347
2 0.7343500000000001 0.5306326530612245 0.08006 0.07134693877551021
