3 0.41869531249999997 0.7737762906309751 0.484796875 0.43370936902485663
0 0.8886406249999999 0.6422657743785851 0.10993750000000001 0.2937093690248566
0 0.1641328125 0.5214818355640536 0.06029687500000001 0.15497131931166347
0 0.4104375 0.6745506692160611 0.41228125000000004 0.6306309751434034
0 0.07467968750000001 0.5351242829827916 0.023109375 0.09147227533460803
0 0.034921875000000005 0.5242351816443594 0.0196875 0.06674952198852771
0 0.057671875 0.5228967495219885 0.017687500000000002 0.06518164435946464
0 0.501515625 0.5854588910133843 0.1364375 0.39168260038240915
0 0.21850000000000003 0.6533173996175908 0.12078125 0.43615678776290634
0 0.114140625 0.5595793499043976 0.06909375 0.20695984703632886
0 0.1287578125 0.48185468451242824 0.024328125000000003 0.04087954110898661
