3 0.19064843750000002 0.7799648711943793 0.30935937500000005 0.35585480093676813
0 0.1401875 0.7224707259953161 0.1244375 0.4606791569086651
0 0.341421875 0.6455620608899298 0.058031250000000006 0.28634660421545666
0 0.4827890625 0.653536299765808 0.06510937500000001 0.30557377049180323
0 0.5491328125000001 0.6624824355971897 0.088984375 0.2995784543325527
0 0.5325390625 0.7069555035128806 0.04585937500000001 0.17269320843091335
0 0.644140625 0.5327049180327869 0.05556250000000001 0.12339578454332552
0 0.6692187500000001 0.5124590163934426 0.014656250000000003 0.042997658079625294
0 0.7103125 0.5791334894613583 0.07796875 0.18163934426229508
0 0.7384375 0.5426580796252928 0.04496875 0.11608899297423887
6 0.45606250000000004 0.6509016393442623 0.0345625 0.1418969555035129
0 0.8440703125000001 0.6380913348946136 0.03854687500000001 0.21318501170960188
0 0.774515625 0.6388056206088992 0.046625 0.2335831381733021
6 0.663359375 0.6740632318501171 0.26415625000000004 0.19037470725995317
0 0.8634218750000001 0.6385597189695551 0.07215625 0.2336533957845433
3 0.8134296875000001 0.6060655737704919 0.035828125 0.04135831381733021
