2 0.5068359375 0.5608985200845666 0.129765625 0.14577167019027484
2 0.8587109374999999 0.9605919661733616 0.282578125 0.058562367864693446
2 0.019187500000000003 0.5843128964059197 0.036125000000000004 0.12968287526427064
2 0.6510859375 0.5413530655391121 0.050578125 0.06701902748414376
4 0.3014375 0.569661733615222 0.3039375 0.7887526427061311
0 0.33349218750000004 0.62223044397463 0.03779687500000001 0.06716701902748415
0 0.40250781250000006 0.638985200845666 0.045671875 0.0612262156448203
0 0.3955078125 0.3481606765327696 0.049234375000000004 0.06621564482029599
0 0.3311875 0.34249471458773784 0.04634375 0.07547568710359409
0 0.22229687499999998 0.3429704016913319 0.081875 0.06873150105708245
0 0.3768125 0.31906976744186044 0.04646875 0.05260042283298097
0 0.2596640625 0.3322093023255814 0.059921875000000006 0.08560253699788584
0 0.5307265624999999 0.5204756871035942 0.027828125 0.03342494714587738
0 0.4773671875 0.5274947145877379 0.024015625 0.018202959830866807
0 0.2352578125 0.6043763213530656 0.074453125 0.1027061310782241
2 0.5559453125 0.5347568710359408 0.121265625 0.12731501057082453
2 0.0108359375 0.7365433403805498 0.016578125 0.11431289640591967
2 0.134171875 0.7539746300211416 0.04615625 0.1986046511627907
