0 0.8084566596194505 0.8334999999999999 0.10511627906976745 0.199375
0 0.5926109936575054 0.8057890625000002 0.05266384778012685 0.145765625
0 0.7474101479915434 0.8009375000000001 0.05689217758985201 0.1144375
0 0.5417124735729387 0.8014296875 0.05695560253699789 0.147015625
0 0.621279069767442 0.7678828125 0.041966173361522204 0.060390625
3 0.7049154334038056 0.800640625 0.04801268498942918 0.050093750000000006
3 0.47937632135306557 0.766640625 0.028097251585623678 0.02371875
0 0.6413213530655391 0.7766171875 0.03761099365750529 0.076265625
2 0.5498202959830867 0.740890625 0.08078224101479915 0.018312500000000002
3 0.7525158562367865 0.8409140625000001 0.05911205073995772 0.09167187500000001
3 0.6313107822410148 0.8343125000000001 0.035517970401691336 0.0615625
