0 0.20700312989045386 0.7316640625 0.17854460093896715 0.455703125
0 0.5380516431924883 0.8633359375 0.1514397496087637 0.238828125
0 0.030195618153364634 0.7100859375 0.06039123630672927 0.19042187500000002
0 0.5040062597809076 0.24209375 0.05953051643192488 0.16309375
0 0.9137323943661972 0.23023437500000005 0.1293114241001565 0.352125
0 0.3668622848200313 0.6224765625000002 0.08552425665101722 0.26067187500000005
0 0.9007433489827855 0.08085937500000001 0.03604068857589984 0.04565625
0 0.6465571205007824 0.2634453125 0.09906103286384976 0.146984375
0 0.5878169014084508 0.26325781249999997 0.12687010954616587 0.141734375
0 0.8319953051643192 0.819765625 0.1862754303599374 0.33875000000000005
0 0.8907824726134586 0.7808359375 0.2144600938967136 0.373609375
0 0.7669327073552427 0.2441484375 0.13821596244131454 0.48707812500000003
0 0.3033568075117371 0.7365078125000001 0.047902973395931144 0.383421875
0 0.5633802816901409 0.534375 0.8482003129890454 0.9281250000000001
