0 0.6957968750000001 0.7101875 0.0349375 0.13145833333333334
0 0.5219843750000001 0.65646875 0.026750000000000003 0.13777083333333331
0 0.5899453125 0.656 0.024265625 0.129375
0 0.6233359375 0.65709375 0.033390625 0.1251875
0 0.8153984374999999 0.6604375000000001 0.029859375 0.111875
0 0.4737578125000001 0.6247604166666666 0.030015625000000004 0.13339583333333332
0 0.4918046875 0.6207604166666667 0.025015625000000003 0.12677083333333333
0 0.5266093749999999 0.5874583333333332 0.03225 0.063875
0 0.5907187500000001 0.5819166666666666 0.0286875 0.042625
0 0.6567734375000001 0.5920000000000001 0.030828125 0.07162500000000001
0 0.7085703125 0.6017395833333334 0.028390625000000003 0.08685416666666666
0 0.7762890625000001 0.6210104166666668 0.030765625000000005 0.1158125
0 0.07382812500000001 0.8082916666666665 0.0814375 0.106875
0 0.5 0.7791666666666667 0.9812500000000001 0.4375
