0 0.21401562500000001 0.71375 0.029375000000000002 0.065125
0 0.7135390625 0.7555208333333333 0.039140625000000005 0.06129166666666667
0 0.7575234375000001 0.7778229166666666 0.036515625 0.04672916666666667
0 0.8040781250000001 0.36478124999999995 0.0911875 0.10606249999999999
0 0.14212500000000003 0.8422291666666666 0.16981250000000003 0.31037499999999996
0 0.33201562500000004 0.9086145833333333 0.27640625 0.1595625
0 0.4388515625 0.8338541666666667 0.08917187500000001 0.133375
0 0.7671015625000001 0.718875 0.048578125 0.07495833333333332
0 0.562421875 0.77446875 0.027625 0.0450625
0 0.7719609375 0.6673854166666667 0.016609375000000003 0.028854166666666667
0 0.5005625 0.9146041666666667 0.11125000000000002 0.14383333333333334
0 0.8870390625000001 0.8160520833333335 0.22592187500000002 0.3678958333333333
0 0.5131328125000001 0.79265625 0.08026562500000001 0.09777083333333333
