2 0.9291328125 0.4924578059071729 0.141734375 0.3006540084388185
4 0.17465625 0.25736286919831225 0.18809375 0.17459915611814344
6 0.5585234375 0.4734704641350211 0.627171875 0.6260970464135021
0 0.1723125 0.4414029535864978 0.07521875 0.28305907172995776
0 0.07994531250000002 0.45058016877637125 0.05267187500000001 0.28263713080168773
0 0.021609375 0.44812236286919827 0.04321875 0.30354430379746833
0 0.2673125 0.32597046413502107 0.044812500000000005 0.1010548523206751
0 0.9682265625000002 0.30321729957805904 0.027234375 0.09229957805907173
0 0.9213281250000002 0.30498945147679324 0.026375 0.10470464135021097
0 0.8848984375000001 0.3092510548523207 0.025234375 0.0830168776371308
0 0.9387890625000002 0.3097362869198312 0.018296875 0.08685654008438819
0 0.646203125 0.3446308016877637 0.025343749999999998 0.045970464135021094
0 0.9581250000000001 0.40338607594936704 0.060406249999999995 0.06968354430379746
0 0.06453906250000001 0.3082383966244725 0.012421875 0.04694092827004219
0 0.5745078125 0.32182489451476787 0.039734375 0.09664556962025316
0 0.346296875 0.3475316455696202 0.025468750000000002 0.040379746835443035
0 0.509375 0.29008438818565396 0.971875 0.11603375527426159
