0 0.556921875 0.5852347417840376 0.2829375 0.37807511737089206
0 0.2228671875 0.6445657276995305 0.125640625 0.32359154929577466
0 0.1775625 0.5529577464788733 0.07750000000000001 0.3010328638497653
0 0.9264375000000001 0.18653755868544603 0.05071875000000001 0.08537558685446009
0 0.24415625 0.27007042253521124 0.04253125 0.07356807511737089
0 0.17860156250000003 0.23473004694835684 0.034796875 0.07542253521126761
0 0.2706875 0.19499999999999998 0.024 0.04192488262910798
0 0.3050625 0.2646478873239437 0.0481875 0.09525821596244131
0 0.4913671875000001 0.3752816901408451 0.061328125000000004 0.09887323943661971
0 0.8179140625000001 0.5390492957746479 0.04585937500000001 0.1686619718309859
0 0.34930468750000004 0.28264084507042253 0.036765625 0.053450704225352114
0 0.9046953125 0.09319248826291081 0.061015625 0.18638497652582162
0 0.33377343750000005 0.6635915492957747 0.127796875 0.2526291079812207
0 0.5 0.31220657276995306 0.9968750000000001 0.619718309859155
