2 0.5619609375 0.5628571428571428 0.595546875 0.6375644028103045
2 0.20550000000000002 0.3391451990632318 0.047031250000000004 0.08990632318501171
2 0.6201640625 0.3167213114754099 0.068265625 0.05695550351288056
2 0.6433359375000001 0.33017564402810307 0.037296875 0.04536299765807963
2 0.18571875000000002 0.29340749414519907 0.022375000000000003 0.023536299765807966
2 0.16925781250000002 0.31642857142857145 0.039734375 0.05899297423887588
2 0.21147656250000002 0.2936768149882904 0.038984375 0.02079625292740047
0 0.3050703125 0.3138524590163934 0.169078125 0.3304215456674473
6 0.823390625 0.40306791569086653 0.35321875 0.4779859484777517
2 0.09357812500000001 0.5051990632318502 0.18021875 0.651943793911007
