0 0.5512578125 0.7309316037735848 0.047203125000000005 0.20497641509433961
0 0.4856718750000001 0.718313679245283 0.05128125 0.19016509433962261
0 0.43174218750000004 0.7213561320754717 0.047640625 0.20224056603773585
0 0.5616953125 0.49899764150943393 0.027921875000000002 0.10686320754716981
0 0.544671875 0.4608962264150943 0.02396875 0.09495283018867924
0 0.5890078125 0.4054245283018868 0.018578125 0.06287735849056604
0 0.6155 0.426438679245283 0.018468750000000003 0.08306603773584906
0 0.5887890625 0.49551886792452826 0.027421875000000002 0.11325471698113208
0 0.7458750000000001 0.35001179245283015 0.00940625 0.05162735849056604
0 0.5775625000000001 0.4460731132075471 0.019468750000000003 0.06620283018867924
0 0.7318515625 0.3535966981132075 0.012078125000000002 0.04676886792452829
0 0.6809453125 0.749245283018868 0.069734375 0.19933962264150942
2 0.01653125 0.15780660377358488 0.0330625 0.03943396226415094
0 0.752046875 0.3507075471698113 0.00696875 0.04971698113207547
2 0.1317421875 0.19183962264150944 0.038109375 0.055566037735849054
2 0.170203125 0.18994103773584903 0.05862500000000001 0.04865566037735849
2 0.3465078125 0.16834905660377356 0.029515625000000004 0.020896226415094338
0 0.7312500000000001 0.330188679245283 0.018750000000000003 0.023584905660377357
