0 0.613353115727003 0.70187 0.42059347181008905 0.59626
0 0.9025222551928784 0.6785100000000001 0.19495548961424333 0.43722000000000005
0 0.26821958456973294 0.45744 0.054955489614243326 0.10424
0 0.015712166172106825 0.47589 0.03142433234421365 0.11678000000000001
0 0.2312166172106825 0.45887 0.03851632047477745 0.09326000000000001
0 0.40554896142433233 0.48717000000000005 0.09287833827893176 0.11738
0 0.059910979228486656 0.45838 0.04682492581602374 0.1056
0 0.480652818991098 0.50492 0.05869436201780416 0.10552
0 0.36890207715133533 0.47026 0.033887240356083086 0.08316
0 0.1328486646884273 0.44754000000000005 0.1055192878338279 0.06472
0 0.13909495548961426 0.42565 0.053976261127596445 0.03614
0 0.3173293768545994 0.42895 0.026053412462908012 0.047979999999999995
0 0.20093471810089023 0.45671000000000006 0.051721068249258165 0.10658
0 0.4807121661721068 0.461 0.9614243323442137 0.138
