3 0.14304 0.773044776119403 0.268 0.44943283582089555
3 0.48189 0.5842686567164179 0.10642 0.22597014925373135
3 0.39611 0.8930298507462687 0.07394 0.1846865671641791
3 0.9247000000000001 0.8388955223880596 0.14568 0.3222089552238806
3 0.7204400000000001 0.7027910447761194 0.2084 0.11185074626865671
3 0.9012300000000001 0.6266119402985074 0.11037999999999999 0.16008955223880597
3 0.8214 0.6334328358208955 0.14044 0.1155223880597015
3 0.26771 0.48313432835820896 0.06478 0.17271641791044776
0 0.03587 0.42853731343283585 0.07174 0.176955223880597
0 0.56209 0.7562985074626866 0.20238 0.48740298507462687
0 0.21144 0.4634029850746269 0.12648 0.2337910447761194
0 0.38813000000000003 0.692044776119403 0.15954 0.5325671641791044
0 0.35384000000000004 0.47120895522388057 0.07244 0.21441791044776118
0 0.5656 0.3834179104477612 0.09464 0.34528358208955223
0 0.69875 0.5589402985074627 0.12286 0.25602985074626866
0 0.13715000000000002 0.6811791044776119 0.25854000000000005 0.6141194029850746
0 0.76878 0.441089552238806 0.0528 0.14880597014925373
0 0.30584999999999996 0.36171641791044773 0.03978 0.052268656716417915
0 0.8426300000000001 0.5755970149253731 0.10962000000000001 0.3343582089552239
2 0.06037 0.32867164179104474 0.03314 0.04946268656716418
2 0.08502000000000001 0.3280746268656716 0.03124 0.04092537313432836
2 0.09455 0.3206119402985075 0.030180000000000002 0.04456716417910448
2 0.17117999999999997 0.30801492537313435 0.04008 0.0402089552238806
2 0.16414 0.259 0.01104 0.01208955223880597
0 0.33442999999999995 0.41165671641791046 0.04618 0.11411940298507461
2 0.18075 0.24276119402985075 0.0131 0.014298507462686568
3 0.40548 0.6965522388059703 0.15424000000000002 0.2569850746268657
3 0.88029 0.788731343283582 0.05554 0.08373134328358209
4 0.02321 0.3151343283582089 0.04642 0.15271641791044777
0 0.92162 0.4746567164179105 0.054759999999999996 0.1448955223880597
3 0.7838400000000001 0.48037313432835826 0.034280000000000005 0.03483582089552239
3 0.51626 0.4176268656716418 0.03148 0.07011940298507462
3 0.34903000000000006 0.5111492537313432 0.03074 0.02856716417910448
0 0.539 0.46865671641791046 0.866 0.3522388059701493
