0 0.35528906250000003 0.4094166666666667 0.042265625 0.18708333333333332
0 0.256125 0.4102708333333333 0.08206250000000001 0.167625
0 0.211390625 0.41159375 0.040375 0.17285416666666667
0 0.9093593750000001 0.32617708333333334 0.05184375 0.10552083333333333
0 0.23971874999999998 0.29746875 0.019468750000000003 0.027479166666666666
0 0.15571093749999998 0.3508854166666666 0.024484375000000003 0.0949375
3 0.20439062500000002 0.6689166666666666 0.27365625 0.29954166666666665
3 0.38665625 0.7940208333333333 0.24846875000000002 0.38375
3 0.4293437500000001 0.6776666666666666 0.26956250000000004 0.189875
3 0.38903125000000005 0.5333541666666667 0.09128125000000001 0.11795833333333333
3 0.9258437500000002 0.4863854166666667 0.1483125 0.19714583333333333
3 0.9753124999999999 0.531 0.049375 0.157
3 0.7472343750000001 0.45525 0.13571875 0.16025
3 0.14002343750000001 0.573125 0.15101562500000001 0.27620833333333333
3 0.6219531250000001 0.4144375 0.14178125 0.169875
0 0.11053125000000003 0.3358333333333333 0.0206875 0.05954166666666666
0 0.1726640625 0.3521458333333333 0.017484375 0.09704166666666666
0 0.20701562500000004 0.345125 0.0276875 0.07304166666666667
0 0.09400781250000001 0.32837500000000003 0.017328125 0.0385
3 0.5847890625 0.8149583333333332 0.330546875 0.3506666666666666
3 0.7490703125 0.8555520833333332 0.501859375 0.2888958333333333
3 0.5892343750000001 0.36080208333333336 0.05115625000000001 0.0654375
0 0.28652343750000003 0.3532708333333333 0.028890625 0.11016666666666668
3 0.8661328125 0.4561354166666666 0.154078125 0.2233125
0 0.37385156250000007 0.3326458333333333 0.014703125000000001 0.039625
0 0.38958593750000003 0.39727083333333335 0.026734375 0.1765
0 0.20078125000000002 0.32916666666666666 0.27968750000000003 0.075
3 0.48671875000000003 0.6541666666666667 0.9703125 0.6875
