0 0.7711301369863013 0.7730859375 0.28573059360730596 0.281109375
0 0.2973744292237443 0.33799218750000004 0.2009132420091324 0.123421875
0 0.5894634703196346 0.6193125 0.21426940639269404 0.17450000000000002
0 0.6834703196347032 0.5315 0.1669406392694064 0.2209375
0 0.5489383561643836 0.373828125 0.0958675799086758 0.08003125
0 0.5635616438356165 0.451 0.1591324200913242 0.18540625
0 0.43585616438356156 0.38540625000000006 0.21783105022831048 0.1316875
0 0.7913470319634702 0.8932578125000001 0.24954337899543377 0.11910937500000002
0 0.6531050228310502 0.7195546875000001 0.19059360730593608 0.207578125
0 0.09325342465753424 0.3636484375 0.04714611872146118 0.063890625
0 0.06238584474885845 0.4079531250000001 0.03901826484018264 0.17659375
