2 0.16214062500000004 0.44781598513011145 0.06634375 0.05775092936802974
2 0.34725000000000006 0.4439591078066914 0.08881250000000002 0.032304832713754644
3 0.555578125 0.4908364312267658 0.260125 0.1653903345724907
3 0.51078125 0.7109851301115241 0.6106875 0.4327509293680297
3 0.5333437500000001 0.6180204460966543 0.47184375000000006 0.28752788104089216
1 0.10114843750000001 0.48828066914498136 0.09623437500000001 0.07849442379182155
1 0.8032109374999999 0.58317843866171 0.070859375 0.16527881040892192
1 0.7778828125 0.5801301115241636 0.052984375 0.10382899628252787
3 0.6189765625 0.5404182156133829 0.116234375 0.040427509293680296
2 0.06059375 0.457992565055762 0.0576875 0.05743494423791821
2 0.1116953125 0.4473698884758364 0.042609375000000005 0.04674721189591077
2 0.619265625 0.47321561338289964 0.05625 0.030855018587360596
2 0.292140625 0.4390613382899628 0.047593750000000004 0.037973977695167284
