0 0.6665703125000001 0.6606770833333333 0.25448437500000004 0.3056041666666667
0 0.8489843750000001 0.6300833333333333 0.168 0.3374583333333333
0 0.3554609375 0.5401562499999999 0.259078125 0.42402083333333335
0 0.692078125 0.26889583333333333 0.07725 0.08650000000000001
0 0.7756093750000002 0.2868229166666667 0.044250000000000005 0.0763125
0 0.8591953125 0.23514583333333333 0.093296875 0.19349999999999998
0 0.9200546875 0.21047916666666666 0.078203125 0.2629166666666667
0 0.501875 0.13990625 0.06393750000000001 0.12164583333333333
0 0.88953125 0.2370833333333333 0.042156250000000006 0.16816666666666666
0 0.61803125 0.21744791666666666 0.08031250000000001 0.1535625
0 0.55409375 0.22038541666666667 0.07600000000000001 0.10293749999999999
