0 0.46852631578947374 0.6755599999999999 0.29710526315789476 0.56824
0 0.4732236842105263 0.30489 0.023394736842105263 0.07678
0 0.5186052631578947 0.30307000000000006 0.020368421052631577 0.07206
0 0.5005394736842106 0.31003000000000003 0.022973684210526316 0.05322
0 0.34730263157894736 0.307 0.03402631578947368 0.07364
0 0.5776842105263158 0.30233 0.030526315789473683 0.0409
0 0.3191842105263158 0.30246 0.03057894736842105 0.0768
0 0.5431578947368421 0.30285999999999996 0.034842105263157896 0.03616
0 0.27671052631578946 0.30352999999999997 0.041473684210526315 0.0783
0 0.5610657894736842 0.30096999999999996 0.015921052631578947 0.03766
