0 0.6278229166666667 0.5122890625000001 0.14881250000000001 0.321015625
0 0.9466874999999999 0.3843046875 0.10325000000000001 0.124546875
0 0.8655416666666668 0.6235937500000001 0.2689166666666667 0.5910000000000001
0 0.42872916666666666 0.49285937500000004 0.19704166666666667 0.25081250000000005
0 0.41969791666666667 0.6286562500000001 0.18110416666666668 0.34368750000000003
0 0.07571875 0.4344375 0.033479166666666664 0.09325
0 0.14194791666666665 0.43353906250000007 0.0546875 0.096203125
0 0.10398958333333333 0.43757031250000006 0.03227083333333333 0.08635937500000002
0 0.1799166666666667 0.4193203125 0.072625 0.127328125
0 0.41774999999999995 0.3956484375 0.041958333333333334 0.080171875
