2 0.2165703125 0.29213541666666665 0.038765625 0.026979166666666665
2 0.23722656250000004 0.297375 0.014921875000000001 0.015458333333333333
2 0.15882031250000003 0.29627083333333326 0.016484375000000002 0.018916666666666665
2 0.1254609375 0.2955729166666667 0.023203125 0.022229166666666668
2 0.294734375 0.28933333333333333 0.040375 0.03391666666666667
0 0.46938281249999997 0.5932604166666666 0.291578125 0.7910208333333333
0 0.9529296875000001 0.26453125 0.048640625 0.1206875
0 0.044109375 0.2993645833333334 0.0075625 0.0249375
0 0.11100781250000001 0.29217708333333337 0.007234375 0.025020833333333332
2 0.7287265625 0.29290625 0.039828125 0.021895833333333333
2 0.7917109375 0.2925 0.026328125000000004 0.019916666666666666
0 0.9842265625 0.26696875 0.031546875 0.1064375
6 0.5540703125 0.28917708333333336 0.085484375 0.03947916666666666
6 0.343234375 0.2881354166666667 0.08634375 0.05714583333333333
2 0.503609375 0.29310416666666667 0.01175 0.029833333333333333
2 0.390609375 0.2916458333333333 0.021906250000000002 0.03241666666666667
2 0.27017187500000006 0.2874375 0.054062500000000006 0.032125
