2 0.1233984375 0.2788967136150235 0.132671875 0.08469483568075117
2 0.323796875 0.3301408450704225 0.07196875000000001 0.09943661971830986
2 0.2413125 0.28214788732394364 0.08318750000000001 0.06950704225352113
2 0.6179375 0.43680751173708915 0.23581249999999998 0.2631455399061033
2 0.29778125 0.3192136150234742 0.05521875000000001 0.09100938967136152
0 0.40425781250000004 0.42000000000000004 0.11210937500000001 0.48206572769953054
0 0.6184843750000001 0.5760328638497653 0.23431250000000003 0.6012676056338028
4 0.010445312500000001 0.23453051643192488 0.014921875000000001 0.15694835680751174
0 0.5057109375 0.39126760563380286 0.055546874999999996 0.13887323943661972
0 0.23550781250000005 0.2942253521126761 0.028171875000000002 0.1031924882629108
0 0.8888125000000001 0.3883333333333333 0.0375625 0.08352112676056338
0 0.7628359375 0.37938967136150237 0.029359375 0.060610328638497656
0 0.9553281250000002 0.3759272300469484 0.02096875 0.02767605633802817
0 0.5067578125 0.3173708920187793 0.005328125 0.014131455399061032
1 0.4088125 0.585962441314554 0.03028125 0.26572769953051645
1 0.232578125 0.32821596244131457 0.01696875 0.059577464788732395
1 0.9373671875000001 0.4815610328638498 0.12526562500000002 0.20204225352112676
1 0.9886796875 0.5806924882629109 0.022640625 0.10636150234741786
0 0.007554687500000001 0.26335680751173707 0.015109375000000001 0.11070422535211268
0 0.3367890625 0.269131455399061 0.015140625 0.024272300469483567
