0 0.4544692144373673 0.6520234375 0.24176220806794055 0.389640625
0 0.08740976645435244 0.47061718750000003 0.16709129511677281 0.198796875
0 0.11298301486199576 0.7169296875000001 0.22596602972399152 0.566140625
0 0.5168365180467092 0.5574296875 0.9663269639065817 0.860359375
0 0.22765392781316346 0.4556796875 0.1829936305732484 0.280890625
0 0.5175690021231422 0.5552187500000001 0.38422505307855626 0.18759375
0 0.34735668789808916 0.5423828125 0.24592356687898087 0.399546875
0 0.5035774946921444 0.44223437500000007 0.17169851380042464 0.20678125000000003
0 0.5460403397027601 0.36421875000000004 0.03734607218683652 0.04559375
0 0.2912845010615711 0.35169531249999997 0.027791932059447983 0.030515625000000005
0 0.13495753715498937 0.41392968750000003 0.010721868365180466 0.018734375
6 0.3237154989384289 0.3268671875 0.2207643312101911 0.09435937500000001
