0 0.3719453125 0.5853055555555555 0.131765625 0.7799444444444444
0 0.47402343750000003 0.5370833333333334 0.21235937500000002 0.885388888888889
0 0.6561171875 0.5448888888888889 0.134421875 0.7696666666666666
0 0.7946171875000001 0.5395 0.09948437500000001 0.5462777777777778
0 0.8559453124999999 0.5949166666666668 0.062296875 0.4305
0 0.06128125 0.5874861111111112 0.10018750000000001 0.3839722222222222
0 0.1368203125 0.5302361111111111 0.076015625 0.5491944444444445
0 0.22121093749999998 0.5662916666666667 0.21742187500000001 0.8404722222222223
0 0.5512968750000001 0.3259444444444445 0.043312500000000004 0.08938888888888889
0 0.596375 0.7045416666666666 0.053500000000000006 0.1898611111111111
0 0.5979921875 0.33211111111111113 0.024140625 0.06705555555555556
