2 0.1068984375 0.7034132420091324 0.097734375 0.10075342465753424
2 0.67209375 0.7230593607305936 0.10040625000000002 0.11347031963470319
2 0.9081484375 0.9078652968036529 0.18301562500000002 0.16180365296803653
2 0.6245859375 0.7165296803652967 0.039265625 0.09561643835616439
2 0.9181093749999999 0.7007420091324199 0.10643750000000002 0.10856164383561642
6 0.44271875 0.6354794520547944 0.22171875000000002 0.21369863013698628
2 0.601625 0.6963812785388127 0.0495 0.06541095890410958
2 0.9889296875000002 0.7128310502283105 0.022140625 0.07561643835616437
2 0.22407812500000002 0.7010388127853882 0.05562500000000001 0.06595890410958904
2 0.166546875 0.6947602739726028 0.06303125000000001 0.10413242009132419
2 0.815078125 0.7025228310502283 0.1 0.105
2 0.7473437500000001 0.70662100456621 0.057343750000000006 0.07703196347031964
