0 0.3189140625 0.6656660039761431 0.324671875 0.4532007952286282
0 0.41300000000000003 0.3254373757455268 0.025156250000000005 0.07254473161033796
0 0.39139062500000005 0.3227335984095427 0.021500000000000002 0.07433399602385685
0 0.544921875 0.46487077534791243 0.06946875000000001 0.15399602385685882
0 0.6430703125 0.5222166998011928 0.041859375000000004 0.25787276341948306
0 0.683875 0.530079522862823 0.05840625000000001 0.2333200795228628
0 0.8552265625000001 0.4289363817097415 0.06248437500000001 0.07898608349900595
0 0.8788281250000001 0.42590457256461234 0.034375 0.07204771371769383
0 0.9205703125 0.5071769383697813 0.037859375 0.20059642147117296
0 0.28520312499999995 0.4286282306163021 0.03715625 0.10055666003976142
0 0.220984375 0.4141351888667992 0.0395625 0.04902584493041749
0 0.6243046875 0.39829025844930416 0.033296875 0.04401590457256461
0 0.736046875 0.5243339960238568 0.04609375 0.25844930417495027
0 0.5 0.4453280318091451 0.9968750000000001 0.43737574552683894
