2 0.6633359375 0.47756440281030443 0.03698437500000001 0.042341920374707256
2 0.6769453125 0.4725878220140515 0.032421875 0.045222482435597185
2 0.7204453125000001 0.4663583138173302 0.034296875 0.030889929742388758
0 0.755703125 0.6894028103044496 0.1831875 0.392576112412178
0 0.8404765625 0.7626697892271662 0.074546875 0.24510538641686183
0 0.20632031250000005 0.4209133489461358 0.057046875 0.07362997658079626
2 0.7627109375000001 0.4615807962529274 0.013484375000000002 0.024473067915690865
2 0.06028125 0.5455971896955504 0.1205625 0.19278688524590162
2 0.6342734375000001 0.48975409836065575 0.020890625 0.06259953161592506
2 0.692203125 0.47 0.010875000000000001 0.037423887587822016
2 0.8097890625 0.45685011709601875 0.018546875 0.0222248243559719
2 0.7345703125 0.460784543325527 0.043296875000000005 0.03594847775175644
2 0.78578125 0.45966042154566744 0.00721875 0.018571428571428572
