0 0.5867109375 0.7791874999999999 0.215890625 0.441625
0 0.1604765625 0.73996875 0.146203125 0.2642291666666667
0 0.223203125 0.6363020833333334 0.040375 0.16647916666666665
0 0.8943828125 0.7887604166666667 0.211234375 0.38202083333333337
0 0.78615625 0.7753333333333334 0.16646875000000003 0.4439583333333333
0 0.8417031250000001 0.6366145833333334 0.06484375 0.18610416666666665
0 0.8913593750000001 0.5888541666666667 0.048656250000000005 0.08533333333333333
0 0.7133359375000001 0.6317916666666666 0.032953125 0.07533333333333332
0 0.6746015625 0.8010833333333334 0.13173437500000001 0.39783333333333337
0 0.6354765625000001 0.5822291666666667 0.026078125000000004 0.04554166666666667
0 0.8045937500000001 0.5939479166666667 0.04384375 0.0890625
0 0.8225703125000001 0.5798958333333334 0.024609375000000003 0.03979166666666667
0 0.9461953125000001 0.571875 0.068734375 0.05433333333333333
0 0.6507812500000001 0.690625 0.6953125 0.2895833333333333
