0 0.05814843750000001 0.7910104166666665 0.11629687500000002 0.3910208333333333
0 0.3998671875 0.8563333333333333 0.099109375 0.28733333333333333
0 0.35817968750000007 0.8523958333333334 0.084078125 0.27129166666666665
0 0.2866875 0.84909375 0.07646875 0.2968541666666667
0 0.7236171875 0.8260104166666666 0.072109375 0.2039375
0 0.7801015625000001 0.8440729166666666 0.069703125 0.2885625
0 0.8293828125000001 0.8483958333333333 0.06879687500000001 0.25466666666666665
0 0.9244765625000002 0.8093541666666667 0.053421875 0.192125
0 0.007531250000000001 0.3475729166666667 0.0145625 0.12202083333333333
0 0.990671875 0.7812395833333333 0.01865625 0.15202083333333333
0 0.36423437500000005 0.7198437500000001 0.02790625 0.05514583333333333
0 0.4918203125 0.8215104166666666 0.034984375000000005 0.08039583333333333
0 0.5148125 0.8213020833333332 0.0324375 0.07302083333333333
0 0.41640625000000003 0.7479166666666667 0.3828125 0.13333333333333333
