0 0.5292578125 0.5248711943793911 0.224890625 0.7258548009367681
0 0.9540078125000001 0.34816159250585477 0.033140625 0.14156908665105386
1 0.5208984375 0.6109953161592505 0.437234375 0.4570725995316159
1 0.7055703125 0.49642857142857144 0.127296875 0.20971896955503513
1 0.7111796875 0.4492037470725995 0.13773437500000002 0.22800936768149882
1 0.7495546875 0.4320608899297424 0.102203125 0.1991569086651054
1 0.7588671875 0.4233138173302108 0.096328125 0.18377049180327867
1 0.7885078125000001 0.39752927400468385 0.099171875 0.1349648711943794
1 0.7850781250000001 0.4351170960187353 0.06590625 0.12943793911007026
1 0.794109375 0.42359484777517564 0.06356250000000001 0.11337236533957845
1 0.5829296875 0.48570257611241213 0.261140625 0.23276346604215456
1 0.809203125 0.4333606557377049 0.040156250000000004 0.07088992974238875
1 0.6647109375000001 0.5049531615925059 0.140359375 0.2277049180327869
