2 0.6050625000000001 0.8723437500000001 0.22584375 0.17752083333333332
2 0.8464375000000001 0.18650000000000003 0.055781250000000004 0.029916666666666664
2 0.424515625 0.2675208333333333 0.10225000000000001 0.065375
6 0.44021875000000005 0.6349166666666667 0.87953125 0.49970833333333337
0 0.27861718750000003 0.5932499999999999 0.037734375 0.09283333333333334
2 0.3163828125 0.2774479166666667 0.11164062500000001 0.036520833333333336
0 0.25722656250000003 0.5925729166666667 0.018890625 0.08010416666666667
0 0.44126562500000005 0.45897916666666666 0.02809375 0.037083333333333336
0 0.13883593749999998 0.29976041666666664 0.027359375000000005 0.07364583333333334
2 0.6323984375 0.23390624999999998 0.102109375 0.05027083333333333
2 0.5290703124999999 0.2528020833333333 0.100640625 0.05410416666666666
2 0.9176093750000001 0.17214583333333333 0.07537500000000001 0.03575
0 0.17739062500000002 0.5816770833333335 0.02075 0.03660416666666667
2 0.2615703125 0.33177083333333335 0.113453125 0.050791666666666666
2 0.969875 0.16395833333333334 0.041281250000000005 0.022583333333333334
2 0.0700234375 0.39178125 0.08604687500000001 0.03835416666666667
2 0.7701328125 0.19763541666666667 0.045921875 0.0315625
