2 0.4348046875 0.7758645833333333 0.193953125 0.16593750000000002
2 0.7726953125 0.8446145833333334 0.40273437500000003 0.21214583333333334
2 0.5795546875 0.7636458333333332 0.142515625 0.107125
2 0.8493906250000001 0.76290625 0.26740625 0.1594375
4 0.29518750000000005 0.6600520833333334 0.264 0.24547916666666666
0 0.243421875 0.7714583333333332 0.0425625 0.18291666666666667
0 0.15960156250000002 0.7444895833333334 0.03282812500000001 0.12910416666666666
0 0.127109375 0.7509583333333333 0.022906250000000003 0.1055
0 0.10459375 0.7437604166666667 0.039125 0.09977083333333334
0 0.20788281249999999 0.7815937500000001 0.058390625 0.17806249999999998
0 0.7062109375000001 0.7170104166666667 0.023578125000000002 0.06664583333333333
0 0.625359375 0.7076875 0.01690625 0.06470833333333333
0 0.6657265625000001 0.7161875 0.019890625000000002 0.06824999999999999
0 0.193375 0.7451458333333334 0.0324375 0.11629166666666667
0 0.7291640625000001 0.7068958333333333 0.020453125000000003 0.050958333333333335
0 0.2735 0.7017708333333332 0.013218750000000001 0.028499999999999998
0 0.29069531249999997 0.6997291666666666 0.011453125000000001 0.03320833333333333
0 0.6865859375000001 0.7169270833333333 0.025140625 0.08014583333333333
0 0.35859375000000004 0.7145833333333333 0.5921875 0.058333333333333334
