0 0.49349218750000007 0.5904789719626168 0.032953125 0.09301401869158879
0 0.37917968750000003 0.6646728971962617 0.062953125 0.3101869158878504
0 0.07188281249999999 0.5348130841121496 0.033109375 0.16471962616822428
0 0.6156953125000001 0.46552570093457935 0.040140625000000006 0.12432242990654205
0 0.58684375 0.4883995327102804 0.022625000000000003 0.12637850467289719
0 0.32204687500000007 0.5189836448598131 0.0340625 0.20366822429906542
0 0.21003125000000003 0.5228271028037383 0.038187500000000006 0.18850467289719627
0 0.5302265625 0.540303738317757 0.055484375 0.18621495327102802
0 0.4886484375 0.48210280373831765 0.042046875000000004 0.1688785046728972
0 0.45941406250000005 0.4880140186915888 0.037046875 0.1788317757009346
0 0.7581015624999999 0.5408060747663551 0.188390625 0.49665887850467283
0 0.0227109375 0.7917990654205607 0.045421875 0.25714953271028035
0 0.25432812499999996 0.5204906542056074 0.04359375 0.16855140186915887
0 0.36562500000000003 0.4731308411214953 0.6687500000000001 0.3107476635514018
