0 0.47411718750000004 0.953213296398892 0.005109375 0.027202216066481995
0 0.806859375 0.9762603878116344 0.00971875 0.047479224376731306
2 0.5603515625000001 0.9630193905817174 0.033546875 0.02260387811634349
2 0.44969531250000006 0.9430470914127423 0.027140625 0.01850415512465374
4 0.9142656250000001 0.9636842105263157 0.07165625 0.07263157894736842
0 0.4603828125 0.9608033240997229 0.005109375 0.00703601108033241
0 0.5494375 0.9680193905817176 0.00309375 0.009556786703601109
0 0.39830468750000003 0.9379362880886427 0.005234375 0.015484764542936288
0 0.36733593750000004 0.939612188365651 0.006796875 0.01850415512465374
0 0.5715703125 0.9868282548476455 0.007828125 0.02518005540166205
0 0.7829140625000001 0.9877977839335181 0.006796875 0.024127423822714683
0 0.1876171875 0.9393628808864266 0.010265625 0.04227146814404432
2 0.32019531250000005 0.9300969529085872 0.010515625 0.017368421052631578
2 0.34403906250000005 0.9326731301939059 0.007015625000000001 0.009833795013850415
2 0.42865624999999996 0.9363157894736843 0.027625 0.024099722991689748
2 0.36235937500000004 0.935415512465374 0.00853125 0.012770083102493076
