0 0.5949453125 0.5101145833333333 0.340453125 0.9483125
0 0.16537500000000002 0.5316562499999999 0.030718750000000003 0.07747916666666665
0 0.0248671875 0.5375833333333334 0.024671875 0.06541666666666666
0 0.2222265625 0.4566666666666666 0.021203125000000003 0.08233333333333334
0 0.1369765625 0.47038541666666667 0.024359375000000003 0.050395833333333334
0 0.10843750000000002 0.4785625 0.02759375 0.058708333333333335
0 0.07883593750000001 0.53278125 0.026171875 0.07322916666666666
0 0.16096875 0.47367708333333336 0.025343749999999998 0.05635416666666667
0 0.1095234375 0.53803125 0.030015625000000004 0.0706875
0 0.037515625 0.4875520833333333 0.029125 0.0658125
0 0.1922421875 0.47737500000000005 0.025140625 0.05554166666666666
0 0.07638281250000001 0.5206041666666666 0.033734375000000004 0.07075000000000001
