1 0.019123831775700935 0.23431250000000003 0.0377803738317757 0.06315625000000001
2 0.9090771028037383 0.1643203125 0.18184579439252335 0.113140625
0 0.48165887850467287 0.2494296875 0.1922897196261682 0.207390625
0 0.7017056074766355 0.2923046875 0.2774766355140187 0.324359375
0 0.49241822429906545 0.1525 0.06623831775700935 0.06184375
0 0.5831542056074766 0.1850703125 0.13593457943925233 0.071109375
0 0.24792056074766353 0.11351562500000001 0.025887850467289718 0.05234375
0 0.8108177570093458 0.18753906250000002 0.06004672897196261 0.06098437500000001
0 0.6186331775700934 0.13160156250000002 0.025724299065420557 0.031234374999999998
0 0.584626168224299 0.14359375000000002 0.03397196261682243 0.0391875
0 0.3011331775700934 0.12524218750000002 0.02712616822429906 0.017859375
0 0.5491705607476635 0.1263984375 0.017873831775700934 0.025640625
0 0.980572429906542 0.2509453125 0.03820093457943925 0.149640625
2 0.2714485981308411 0.21484375 0.3460747663551402 0.16690625
6 0.11669392523364486 0.1513671875 0.23338785046728971 0.16942187500000003
0 0.6676869158878503 0.17329687500000002 0.10453271028037382 0.10409375000000001
