0 0.748296875 0.5698231132075472 0.14475000000000002 0.5833254716981132
0 0.55384375 0.23314858490566034 0.024625 0.03577830188679245
0 0.16342187500000002 0.4389268867924528 0.08837500000000001 0.2960141509433962
0 0.9900234375000001 0.2202240566037736 0.014890625 0.0898820754716981
0 0.4140625 0.503372641509434 0.13878125 0.3378301886792453
0 0.21527343750000003 0.31341981132075475 0.062046875 0.1332075471698113
0 0.700796875 0.22018867924528301 0.03871875 0.08047169811320753
0 0.8792578125000001 0.22959905660377355 0.044453125 0.11099056603773585
0 0.9121874999999999 0.6367924528301887 0.155625 0.6275
0 0.635609375 0.22786556603773586 0.030187500000000003 0.061297169811320745
0 0.32546875 0.23349056603773585 0.029906250000000002 0.05650943396226415
0 0.9569218750000001 0.26025943396226414 0.047625 0.14858490566037735
0 0.7382734375000001 0.23483490566037735 0.042796875000000005 0.11042452830188679
0 0.48984375 0.25943396226415094 0.9765625 0.18396226415094338
