0 0.443203125 0.40224705882352935 0.19996875000000003 0.5708
0 0.36228125 0.6597411764705882 0.02784375 0.1348705882352941
0 0.0895390625 0.6689764705882353 0.050734375 0.09437647058823528
0 0.3994765625000001 0.6306941176470586 0.019703125000000002 0.09705882352941175
0 0.338 0.6516823529411765 0.025374999999999998 0.13931764705882352
0 0.328578125 0.6062 0.0141875 0.03296470588235294
0 0.31121875 0.6652588235294118 0.04621875 0.1411529411764706
0 0.1761328125 0.6723764705882352 0.029953125000000004 0.12503529411764705
0 0.223453125 0.6568235294117646 0.02865625 0.12494117647058822
0 0.1473828125 0.6621176470588234 0.030046875 0.13802352941176468
0 0.0351328125 0.6870588235294117 0.045703125000000004 0.13821176470588234
0 0.062640625 0.7670941176470587 0.047625 0.1361647058823529
0 0.38089062500000004 0.6259058823529411 0.025156250000000005 0.1048470588235294
0 0.5203125000000001 0.5941176470588235 0.953125 0.388235294117647
