4 0.36753125000000003 0.1496135831381733 0.73321875 0.2768852459016394
6 0.8587421875000001 0.1359953161592506 0.192953125 0.07498829039812648
0 0.8398593750000001 0.8352459016393442 0.15965625000000003 0.32950819672131143
0 0.16288281250000003 0.8816510538641686 0.32551562500000003 0.23669789227166274
0 0.5197265625 0.4097892271662764 0.183453125 0.37859484777517566
0 0.662625 0.36441451990632323 0.055843750000000004 0.2340281030444965
0 0.773 0.3222248243559719 0.05140625 0.214192037470726
0 0.7896015625000001 0.20963700234192037 0.016390625000000002 0.034262295081967216
0 0.9221953125000001 0.3650819672131148 0.047671875 0.18913348946135833
0 0.8024921875000001 0.3106440281030445 0.034578125 0.1999297423887588
0 0.8268906250000001 0.34382903981264634 0.05612500000000001 0.20442622950819675
0 0.35284375 0.332248243559719 0.040843750000000005 0.1191569086651054
0 0.8719609375000001 0.3222716627634661 0.048796875 0.18482435597189695
0 0.7324140625000001 0.30980093676814985 0.044984375 0.11613583138173303
0 0.689921875 0.28272833723653396 0.03603125 0.09
0 0.5 0.3126463700234192 0.9968750000000001 0.6112412177985949
