2 0.6319765625000001 0.7832981220657276 0.483140625 0.2853755868544601
2 0.8825390625000001 0.7642840375586856 0.118578125 0.21791079812206574
0 0.3173359375 0.7568544600938967 0.078765625 0.22985915492957748
0 0.29959375000000005 0.65193661971831 0.0234375 0.04988262910798122
0 0.11349218750000001 0.7358333333333335 0.056828125 0.17011737089201878
0 0.0435546875 0.7296713615023473 0.030609375 0.2095305164319249
0 0.1336015625 0.7077699530516431 0.038734375 0.18338028169014087
0 0.2024921875 0.7344718309859155 0.047140625000000005 0.18584507042253523
0 0.22913281250000003 0.7301056338028169 0.026546874999999998 0.17143192488262912
0 0.2649765625 0.7182863849765259 0.031359375 0.17037558685446008
0 0.36892968750000005 0.6445774647887325 0.022734375 0.08089201877934273
0 0.39365625000000004 0.761349765258216 0.049875 0.22326291079812208
2 0.0751484375 0.6311032863849765 0.066421875 0.0615962441314554
2 0.021109375 0.6645539906103287 0.04221875 0.11708920187793428
2 0.04583593750000001 0.6007276995305164 0.036203125 0.02887323943661972
0 0.434015625 0.6754929577464789 0.04596875 0.12699530516431926
0 0.08428906250000001 0.7216314553990609 0.033421875000000004 0.17964788732394366
2 0.10325781250000002 0.6087441314553991 0.044578125 0.051291079812206576
0 0.6285781250000001 0.7076408450704225 0.02615625 0.03730046948356808
2 0.07028125 0.5950821596244131 0.022656250000000003 0.01875586854460094
0 0.31093750000000003 0.6631455399061033 0.515625 0.17605633802816903
