0 0.8252968749999999 0.7850416666666667 0.09315625 0.17541666666666667
0 0.293015625 0.5468541666666666 0.035937500000000004 0.12520833333333334
0 0.481953125 0.4810208333333333 0.025875 0.03937499999999999
0 0.5739062500000001 0.3196145833333333 0.01596875 0.030729166666666665
0 0.944046875 0.8111041666666666 0.10212500000000001 0.114875
0 0.8826953125000001 0.43255208333333334 0.029640625 0.042895833333333334
0 0.9411015625 0.5189166666666667 0.029015625000000003 0.044083333333333335
0 0.6911875000000001 0.49610416666666673 0.029249999999999998 0.032625
0 0.7999921875 0.349875 0.017671875 0.03920833333333333
0 0.7702265625 0.32243749999999993 0.016984375 0.03208333333333333
0 0.7047656250000001 0.3377916666666667 0.01234375 0.029625000000000002
0 0.6323750000000001 0.37482291666666673 0.018468750000000003 0.029520833333333333
0 0.5394062500000001 0.31783333333333336 0.008125 0.009833333333333333
