0 0.4816627358490566 0.5384609375 0.5562971698113207 0.761796875
0 0.6167806603773585 0.43337500000000007 0.15341981132075472 0.387375
0 0.15746462264150943 0.138265625 0.12261792452830189 0.15975
0 0.5254716981132076 0.158296875 0.1930188679245283 0.12240625000000001
0 0.2567334905660377 0.148515625 0.138938679245283 0.14965625000000002
0 0.03586084905660377 0.1389921875 0.07172169811320754 0.147515625
0 0.7470400943396226 0.49843750000000003 0.20148584905660377 0.2910625
0 0.8446816037735848 0.18444531249999999 0.09549528301886792 0.128890625
0 0.9755896226415094 0.185265625 0.04816037735849057 0.09431250000000001
0 0.7966745283018868 0.5081171875 0.20221698113207545 0.267953125
