0 0.38874218750000006 0.645 0.10639062500000002 0.29375
0 0.31707031250000006 0.6690520833333333 0.071671875 0.41339583333333335
0 0.9594609374999999 0.6340104166666667 0.043921875 0.21172916666666666
0 0.56715625 0.6783958333333333 0.10815625000000001 0.39075
0 0.5070234375 0.5743645833333333 0.057140625 0.14360416666666667
0 0.8348984375000001 0.6014479166666667 0.028359375 0.1108125
0 0.8214453125000001 0.6443333333333333 0.12907812500000002 0.154
0 0.7456328125 0.6381979166666667 0.055296875 0.2056875
0 0.70159375 0.58440625 0.032281250000000004 0.0999375
1 0.404890625 0.7901458333333333 0.15628125 0.264375
1 0.07084375000000001 0.7845833333333333 0.11950000000000001 0.16283333333333333
1 0.278828125 0.79903125 0.08565625 0.17922916666666666
1 0.7861328125 0.6791770833333333 0.056828125 0.1190625
1 0.6664765625000001 0.6881145833333333 0.099453125 0.12727083333333333
1 0.1788046875 0.6676145833333333 0.030703124999999998 0.0778125
1 0.14347656250000002 0.6712916666666667 0.052921875 0.07208333333333333
1 0.4627890625 0.6718541666666666 0.05354687500000001 0.115375
1 0.9356249999999999 0.6801041666666667 0.03365625 0.11291666666666667
1 0.9829687500000001 0.6519791666666667 0.0340625 0.10333333333333333
0 0.07928125 0.6484687499999999 0.106625 0.4086875
0 0.6745156250000001 0.6382395833333334 0.05028125 0.19443749999999999
0 0.8621328125000001 0.6051979166666667 0.033484375000000004 0.09035416666666667
1 0.567328125 0.7433645833333333 0.24946875000000002 0.2146875
0 0.15078906250000002 0.6322916666666667 0.036078125 0.15633333333333335
1 0.35585156250000005 0.5439583333333332 0.021171875000000003 0.03916666666666667
1 0.813546875 0.67678125 0.03728125 0.09989583333333334
1 0.46875 0.703125 0.9343750000000001 0.19375
0 0.49921875000000004 0.60625 0.9984375000000001 0.19583333333333333
