2 0.10008593750000001 0.2431354166666667 0.058734375000000005 0.08010416666666667
0 0.28671093750000004 0.5818437499999999 0.34473437500000004 0.5313958333333333
0 0.7811796875000001 0.6460625 0.278078125 0.6629166666666666
0 0.39142187500000003 0.37257291666666664 0.16771875000000003 0.27910416666666665
0 0.464453125 0.2506875 0.063875 0.12095833333333333
0 0.6162734375 0.25249999999999995 0.070171875 0.15616666666666665
6 0.41091406250000007 0.2070625 0.141328125 0.094875
0 0.4126406250000001 0.3200833333333333 0.06396875 0.23529166666666665
0 0.435921875 0.23920833333333333 0.031281250000000003 0.07279166666666666
0 0.7870703125 0.5154270833333333 0.23567187500000003 0.4485208333333333
0 0.6844609375 0.2544166666666667 0.08435937500000001 0.11599999999999999
2 0.24361718750000005 0.24863541666666666 0.125734375 0.09185416666666667
2 0.232515625 0.20227083333333334 0.10534375000000001 0.05345833333333333
2 0.40857031250000003 0.20912499999999998 0.15114062500000003 0.10541666666666667
0 0.645453125 0.39584375 0.18534375000000003 0.36135416666666664
