3 0.968015625 0.65427734375 0.06396875 0.261484375
3 0.8658515625000001 0.643447265625 0.167515625 0.34439453125
3 0.7180078125 0.603125 0.158984375 0.3552734375
3 0.5397500000000001 0.59310546875 0.1585 0.344453125
3 0.026382812500000005 0.53771484375 0.05276562500000001 0.2823828125
3 0.43321875 0.5897265625 0.10871875 0.2686328125
0 0.46187500000000004 0.389755859375 0.062468749999999997 0.15166015625
0 0.0296640625 0.423037109375 0.059328125 0.29212890625
3 0.26903906250000004 0.56423828125 0.223296875 0.320078125
0 0.6407265625 0.466259765625 0.110359375 0.37794921875
0 0.482609375 0.37398437500000004 0.042 0.12375
