2 0.49243750000000003 0.7597031250000001 0.152375 0.07587500000000001
2 0.25713541666666667 0.737578125 0.11085416666666667 0.05225
2 0.32875000000000004 0.7264296875 0.08537499999999999 0.043984375
2 0.3738958333333333 0.7128203125 0.06545833333333334 0.039140625000000005
2 0.4210625 0.7087500000000001 0.05333333333333334 0.0341875
2 0.4625208333333333 0.7034453125 0.03620833333333333 0.025640625
2 0.48425 0.6989921875 0.041958333333333334 0.024859375000000003
2 0.12747916666666667 0.7641328125000001 0.1945 0.079515625
2 0.5836145833333333 0.7314140625 0.07493749999999999 0.053765625
2 0.61746875 0.71903125 0.07364583333333334 0.042156250000000006
2 0.5250416666666666 0.6913984375000001 0.037333333333333336 0.021203125000000003
2 0.6345416666666668 0.704015625 0.06370833333333333 0.0344375
2 0.5037916666666667 0.6947343750000001 0.0355 0.0208125
