0 0.5789502762430939 0.6543749999999999 0.2404051565377532 0.690375
0 0.18820441988950276 0.7082890625 0.2787292817679558 0.569828125
0 0.3744935543278085 0.6767890625 0.051528545119705345 0.126765625
0 0.8356353591160222 0.6127890625000001 0.24103130755064456 0.737078125
0 0.7331399631675876 0.6780390625000001 0.054751381215469616 0.10067187500000002
0 0.6605156537753223 0.6827734375 0.04055248618784531 0.08404687500000001
0 0.0483609576427256 0.6816328125000001 0.04022099447513812 0.060953125
0 0.6918508287292818 0.6734453125000001 0.011104972375690608 0.017671875
0 0.43912523020257827 0.6755312500000001 0.05162062615101289 0.12353125000000001
0 0.4594475138121547 0.6632890625000001 0.025451197053407 0.019234375
0 0.3439594843462247 0.6766171875000001 0.01874769797421731 0.038203125000000004
0 0.027790055248618786 0.6839609375 0.043683241252302024 0.11120312500000001
