0 0.3413828125 0.7481932773109244 0.068859375 0.17323529411764704
0 0.36853125 0.838203781512605 0.14875000000000002 0.2786344537815126
0 0.451921875 0.7659243697478991 0.06003125000000001 0.2825210084033613
0 0.531046875 0.717436974789916 0.08381250000000001 0.19239495798319325
0 0.23954687500000002 0.8885084033613445 0.12731250000000002 0.1711764705882353
0 0.6818828125 0.6719642857142857 0.049640625 0.1375
0 0.70271875 0.8172689075630252 0.116875 0.31579831932773106
0 0.530515625 0.8647373949579832 0.15721875000000002 0.21140756302521008
0 0.18990625000000003 0.7290336134453781 0.07578125000000001 0.2111344537815126
0 0.24442968750000002 0.7587605042016805 0.085390625 0.23172268907563023
0 0.298328125 0.7456932773109244 0.048468750000000005 0.260672268907563
0 0.3406328125 0.6740966386554622 0.046328125 0.13277310924369748
0 0.39109375 0.6729306722689076 0.05512500000000001 0.10552521008403361
0 0.49453125000000003 0.7373949579831932 0.9859375 0.5210084033613445
