0 0.3523515625 0.5925729166666667 0.219984375 0.49522916666666666
0 0.510984375 0.61525 0.09584375 0.31166666666666665
0 0.835109375 0.53396875 0.01953125 0.09572916666666667
0 0.5823671875 0.5662604166666667 0.021015625 0.0643125
0 0.566734375 0.57971875 0.01603125 0.041104166666666664
0 0.765796875 0.527875 0.038000000000000006 0.146875
0 0.8857421875 0.5428333333333333 0.012078125000000002 0.034166666666666665
0 0.31200000000000006 0.5683125 0.039375 0.14887499999999998
0 0.271125 0.5800208333333332 0.040031250000000004 0.14695833333333336
0 0.23576562499999998 0.5834791666666667 0.0454375 0.21791666666666665
0 0.1986796875 0.5908645833333334 0.036578125 0.13260416666666666
0 0.6635078125000001 0.5563645833333334 0.016140625000000002 0.0626875
0 0.08034375 0.6026354166666666 0.041843750000000006 0.11622916666666666
0 0.49921875000000004 0.5802083333333333 0.9984375000000001 0.18541666666666667
