0 0.8131484375 0.5071162790697674 0.022703125 0.2078139534883721
0 0.686359375 0.4800232558139535 0.01409375 0.1371627906976744
0 0.57315625 0.4266976744186046 0.012125 0.08186046511627908
0 0.7131171875 0.4662325581395349 0.019984375 0.16911627906976745
0 0.72821875 0.4527674418604651 0.013781250000000002 0.12646511627906978
0 0.9420390625 0.475 0.007328125000000001 0.09269767441860464
0 0.9731718749999999 0.4611860465116279 0.01190625 0.05576744186046512
0 0.9542890625 0.45934883720930236 0.014609375 0.04762790697674418
0 0.56215625 0.4547906976744186 0.0118125 0.11162790697674418
0 0.8243984375000001 0.4366279069767442 0.009734375000000002 0.04293023255813953
0 0.6011640625000001 0.4202093023255814 0.013796875 0.07586046511627906
0 0.5185234375 0.43434883720930234 0.013171875 0.11074418604651162
0 0.552171875 0.45055813953488366 0.009562500000000002 0.11386046511627906
2 0.0178359375 0.3823023255813954 0.034015625 0.07409302325581395
0 0.39609375 0.4 0.7328125000000001 0.11162790697674418
