0 0.6193984375 0.7082084309133488 0.053421875 0.24166276346604215
0 0.5860703125 0.6345784543325528 0.017796875 0.05875878220140515
0 0.6436171875000001 0.6277868852459016 0.017328125 0.06714285714285714
0 0.705390625 0.6226580796252927 0.0164375 0.07744730679156908
0 0.725015625 0.6247892271662764 0.01621875 0.07365339578454333
0 0.663296875 0.6188992974238875 0.01675 0.08529274004683841
0 0.57178125 0.6192974238875878 0.02084375 0.05124121779859485
0 0.556125 0.7079039812646369 0.054156249999999996 0.22859484777517564
0 0.7487187500000001 0.7681967213114753 0.15109375000000003 0.19058548009367682
0 0.67521875 0.6893208430913348 0.023625 0.05798594847775176
0 0.7000859375 0.6720023419203747 0.018734375 0.027330210772833725
0 0.65884375 0.714367681498829 0.043062500000000004 0.11163934426229509
1 0.7384921875 0.6692505854800936 0.037453125 0.06997658079625292
1 0.893234375 0.6383372365339579 0.04853125 0.06426229508196722
1 0.780484375 0.6475526932084309 0.01696875 0.03978922716627634
1 0.6996796875000001 0.6481733021077283 0.006765625000000001 0.022295081967213113
0 0.5133125 0.6501288056206089 0.0229375 0.09440281030444965
0 0.671875 0.6252927400468384 0.6531250000000001 0.16393442622950818
