0 0.41596018735363 0.4426953125000001 0.5826932084309133 0.710109375
0 0.89903981264637 0.3341875 0.18182669789227165 0.16971875000000003
0 0.2615456674473068 0.43096093750000003 0.1609367681498829 0.10067187500000002
0 0.07299765807962529 0.4154140625 0.14028103044496487 0.127546875
0 0.6074941451990633 0.41628125000000005 0.15737704918032788 0.12190625
0 0.14716627634660423 0.1774765625 0.1369086651053864 0.137015625
0 0.39641686182669794 0.058203125 0.17288056206088992 0.11640625
0 0.11685011709601872 0.051796875 0.13402810304449647 0.08353125
0 0.07911007025761123 0.363921875 0.15531615925058545 0.13496875
0 0.2082552693208431 0.21624218750000002 0.3066744730679157 0.150328125
0 0.7303044496487119 0.19876562500000003 0.14234192037470728 0.12775
0 0.8340866510538643 0.17929687500000002 0.1677049180327869 0.13575
0 0.23259953161592503 0.06940625 0.11939110070257611 0.11396875000000001
0 0.5 0.28671875 0.9953161592505855 0.4140625
