0 0.9276953124999999 0.49549875311720704 0.038015625 0.06775561097256858
0 0.063234375 0.5845511221945137 0.02840625 0.1471571072319202
0 0.6608203125000001 0.2907730673316708 0.020265625000000002 0.02463840399002494
0 0.027773437499999998 0.5179800498753117 0.024578125000000003 0.0714214463840399
0 0.032515625 0.48344139650872814 0.011500000000000002 0.031521197007481294
0 0.49518750000000006 0.6567456359102245 0.07240625 0.3186783042394015
0 0.34890625 0.535 0.013781250000000002 0.0384788029925187
0 0.919453125 0.4410349127182045 0.032125 0.06835411471321695
0 0.9519062500000001 0.47617206982543636 0.023000000000000003 0.12251870324189526
0 0.08865625 0.5568827930174564 0.038625 0.06394014962593517
0 0.08021875 0.4536658354114714 0.026562500000000003 0.09052369077306732
0 0.9029140625000001 0.5026059850374065 0.019484375 0.06620947630922694
0 0.9440703125 0.5950124688279301 0.022828125 0.09351620947630923
0 0.5 0.47256857855361595 0.9968750000000001 0.9002493765586035
