0 0.4642099056603773 0.42878125000000006 0.015825471698113207 0.025374999999999998
0 0.9226415094339622 0.4896796875 0.014858490566037734 0.015453125000000002
0 0.5456014150943396 0.4394140625 0.03195754716981132 0.037578125000000004
0 0.5222287735849056 0.4418125 0.010495283018867924 0.018750000000000003
0 0.31449292452830185 0.4369609375000001 0.02827830188679245 0.030640625
0 0.5129245283018867 0.441359375 0.006698113207547169 0.0170625
0 0.9820165094339622 0.5069453125 0.01988207547169811 0.027765625000000002
0 0.38409198113207543 0.4250234375 0.016108490566037737 0.028671875000000003
0 0.09330188679245281 0.40991406249999995 0.012688679245283017 0.019734375000000002
0 0.10729952830188678 0.40985156250000004 0.008325471698113207 0.013421875
0 0.34984669811320757 0.4249140625 0.005731132075471698 0.010578125
0 0.5391391509433962 0.6058671875 0.2133254716981132 0.288296875
0 0.3401297169811321 0.42292968749999993 0.010495283018867924 0.014515624999999999
0 0.455188679245283 0.45234375000000004 0.910377358490566 0.1203125
