0 0.37246875 0.6112377450980392 0.0573125 0.2157107843137255
0 0.64159375 0.5754901960784314 0.04559375 0.1268137254901961
0 0.41385156250000005 0.5670710784313726 0.038015625 0.10762254901960783
0 0.8388281249999999 0.7343995098039215 0.047843750000000004 0.22375
0 0.8356953125000001 0.6157598039215687 0.048015625000000006 0.15818627450980394
0 0.9348906250000001 0.5968749999999999 0.02759375 0.1446813725490196
0 0.20614062500000002 0.4125490196078432 0.0185 0.03455882352941176
0 0.346078125 0.39919117647058816 0.01609375 0.052598039215686274
0 0.5005390625 0.4144607843137255 0.020515625000000003 0.031176470588235295
0 0.971375 0.7684803921568628 0.039906250000000004 0.26588235294117646
0 0.5535078125 0.4116299019607843 0.021828125000000004 0.058406862745098036
0 0.5219140624999999 0.41558823529411765 0.023140625 0.05774509803921568
0 0.23114062500000002 0.39999999999999997 0.022875000000000003 0.05303921568627451
