1 0.46071022727272726 0.8342499999999999 0.13755681818181817 0.3105
3 0.6305871212121212 0.6580625000000001 0.1056060606060606 0.14778125
0 0.14145833333333332 0.721546875 0.14231060606060605 0.3319375
0 0.8238920454545454 0.7912187500000001 0.24195075757575757 0.41671875
0 0.33990530303030303 0.6318828125 0.08840909090909091 0.216703125
0 0.4663068181818182 0.7158671875 0.2191287878787879 0.41176562499999997
0 0.6428314393939394 0.5927656250000001 0.037935606060606065 0.044562500000000005
0 0.8138446969696971 0.6806875 0.3226136363636364 0.3431875
0 0.7362500000000001 0.573890625 0.08420454545454546 0.0916875
0 0.6892424242424243 0.5596953125 0.05397727272727273 0.083890625
0 0.6402556818181818 0.6136953125 0.11619318181818182 0.16823437500000002
0 0.25132575757575754 0.6375468750000001 0.09757575757575758 0.22534375
0 0.5925094696969697 0.57021875 0.05672348484848485 0.0876875
0 0.9663257575757577 0.6317343750000001 0.06734848484848485 0.1894375
0 0.0762973484848485 0.776453125 0.13774621212121213 0.29950000000000004
0 0.40151515151515155 0.5640625 0.7651515151515151 0.13125
