0 0.538484375 0.52546875 0.10618749999999999 0.5078541666666667
0 0.8634218750000001 0.37619791666666663 0.13899999999999998 0.27577083333333335
0 0.8395234375000001 0.31577083333333333 0.061546875 0.32225000000000004
0 0.6396953125000001 0.04858333333333333 0.052453125 0.057374999999999995
0 0.34590625 0.2283333333333333 0.08056250000000001 0.09241666666666666
0 0.28333593749999997 0.27388541666666666 0.069359375 0.11447916666666667
0 0.1172578125 0.2822395833333333 0.09764062500000001 0.12185416666666667
0 0.0283828125 0.29318750000000005 0.055421875 0.10729166666666666
0 0.15807031250000003 0.19819791666666664 0.075671875 0.10802083333333333
0 0.22151562500000002 0.20848958333333334 0.0668125 0.09739583333333333
0 0.9690546874999999 0.40341666666666665 0.061890625000000005 0.242125
0 0.456578125 0.21826041666666662 0.059 0.06897916666666666
0 0.41022656250000006 0.20102083333333334 0.063046875 0.11379166666666667
0 0.49453125000000003 0.20520833333333333 0.9890625000000001 0.41041666666666665
