2 0.029921875 0.2945093457943925 0.05984375 0.19911214953271025
0 0.52475 0.25691588785046726 0.045812500000000006 0.1286448598130841
0 0.4243593750000001 0.23676401869158878 0.05403125 0.15133177570093456
2 0.5548125 0.26859813084112144 0.0325 0.10186915887850467
0 0.2966484375 0.2589953271028037 0.028421875000000003 0.11799065420560746
0 0.31155468750000004 0.25338785046728973 0.019421875 0.10462616822429906
0 0.49314843750000004 0.25322429906542054 0.024984375000000003 0.0994392523364486
0 0.7124453125000001 0.2447429906542056 0.024328125000000003 0.04831775700934579
0 0.771765625 0.24299065420560745 0.0156875 0.034999999999999996
0 0.067734375 0.3045327102803738 0.037187500000000005 0.07785046728971962
0 0.258328125 0.25853971962616823 0.04196875 0.12422897196261681
0 0.786921875 0.2546378504672897 0.02909375 0.0597429906542056
