0 0.1934140625 0.7466145833333333 0.332765625 0.4819791666666666
0 0.07488281249999999 0.5905104166666666 0.138109375 0.4698541666666667
0 0.143 0.4839895833333333 0.07575 0.24235416666666665
0 0.4630703125 0.42651041666666667 0.11173437500000001 0.18435416666666665
0 0.37877343750000003 0.43917708333333333 0.12201562500000002 0.24072916666666666
0 0.7034921875000001 0.4366770833333333 0.10057812500000002 0.13481249999999997
0 0.8528125 0.4617916666666667 0.1550625 0.16854166666666667
0 0.8924140625 0.3865208333333333 0.058984375000000006 0.17079166666666667
0 0.28735937500000003 0.4720520833333333 0.13115625 0.23035416666666664
0 0.790625 0.39779166666666665 0.08734375 0.16270833333333332
0 0.5966328125 0.303375 0.043828125 0.058416666666666665
0 0.5315000000000001 0.29415625 0.053437500000000006 0.07602083333333334
0 0.49489062500000003 0.29327083333333337 0.026718750000000003 0.053625
