0 0.82496875 0.6227400468384074 0.29453125 0.7342388758782201
0 0.533 0.8224707259953161 0.20840625000000002 0.32807962529274004
0 0.430296875 0.7876346604215456 0.1529375 0.39325526932084304
0 0.2080625 0.679976580796253 0.05303125 0.23362997658079626
2 0.4686796875000001 0.6207845433255269 0.08139062500000001 0.09571428571428571
4 0.6425000000000001 0.5806088992974239 0.20675 0.2845901639344262
0 0.164171875 0.697751756440281 0.07646875 0.2763934426229508
0 0.052234375 0.662096018735363 0.03878125 0.26133489461358317
0 0.9528203125 0.7743208430913349 0.094328125 0.398384074941452
0 0.9615625 0.5805737704918033 0.02634375 0.04194379391100703
0 0.026179687500000007 0.6506908665105388 0.031578125000000005 0.24344262295081967
0 0.07287500000000001 0.577552693208431 0.02028125 0.10372365339578454
0 0.11084375 0.59 0.036187500000000004 0.14894613583138175
0 0.6606484375 0.796662763466042 0.08404687500000001 0.35407494145199064
1 0.979625 0.9305269320843093 0.04075 0.13894613583138174
6 0.6394609375 0.5779156908665105 0.211421875 0.26754098360655737
