1 0.23201562500000003 0.6193442622950821 0.19453125000000002 0.3733957845433255
1 0.4132265625 0.6813700234192037 0.17504687500000002 0.6150585480093677
1 0.7331875000000001 0.69211943793911 0.528 0.5935597189695551
1 0.8163984375000001 0.7048243559718969 0.367203125 0.5903512880562061
1 0.23171875000000003 0.4301053864168618 0.1363125 0.15482435597189695
1 0.48529687499999996 0.7607728337236535 0.205625 0.4590632318501171
1 0.30605468750000003 0.5333957845433255 0.23754687500000002 0.2573770491803279
1 0.2324453125 0.4919203747072599 0.078265625 0.16088992974238878
0 0.020476562500000003 0.41927400468384074 0.04095312500000001 0.277423887587822
0 0.083078125 0.3947189695550351 0.01746875 0.06489461358313818
0 0.1136171875 0.38903981264637005 0.012765625000000001 0.04730679156908665
0 0.14071093750000002 0.3844145199063232 0.012828125000000003 0.0548711943793911
0 0.1690078125 0.3991217798594848 0.039515625 0.1231615925058548
0 0.1266640625 0.38288056206088994 0.013921875 0.057470725995316156
1 0.20486718750000002 0.531768149882904 0.10517187500000001 0.20236533957845432
1 0.33413281250000004 0.5070257611241218 0.10429687500000001 0.09887587822014052
1 0.6168281250000001 0.8055620608899298 0.32853125 0.38569086651053863
1 0.27573437500000003 0.516112412177986 0.2285625 0.13311475409836065
0 0.44230468750000007 0.344672131147541 0.019265625 0.04728337236533958
1 0.2395546875 0.4752107728337237 0.15160937500000002 0.16138173302107728
0 0.1026640625 0.3883957845433256 0.012296875 0.04690866510538642
1 0.08671875000000001 0.4496487119437939 0.1703125 0.22950819672131148
