4 0.2185625 0.7442499999999999 0.184875 0.37379166666666663
4 0.31777343750000003 0.46296875000000004 0.09573437500000001 0.2064375
0 0.25043750000000004 0.45991666666666664 0.022000000000000002 0.05183333333333333
0 0.20788281250000004 0.5702708333333334 0.015421875 0.04545833333333334
4 0.4085078125 0.30048958333333337 0.065484375 0.11389583333333334
4 0.3593984375 0.38699999999999996 0.074546875 0.16149999999999998
4 0.11713281250000002 0.3775208333333333 0.13314062499999998 0.16179166666666667
0 0.18382031250000003 0.46860416666666665 0.010578125 0.0545
0 0.19889843750000002 0.46810416666666665 0.016171875 0.03483333333333333
0 0.1396484375 0.47510416666666666 0.011640625000000002 0.043333333333333335
0 0.11689062500000001 0.5106979166666666 0.011437500000000001 0.05639583333333333
0 0.030632812500000002 0.5336666666666667 0.016015625000000002 0.07050000000000001
0 0.0991796875 0.30832291666666667 0.008296875 0.0244375
0 0.21989843750000004 0.39984375 0.009828125 0.04435416666666667
4 0.21141406250000003 0.31438541666666664 0.070859375 0.10914583333333333
0 0.1721640625 0.49275 0.016328125 0.03775
0 0.1583671875 0.4974166666666666 0.014421875 0.050583333333333334
0 0.05609375 0.5268854166666667 0.01621875 0.03877083333333333
0 0.1934609375 0.25597916666666665 0.005828125 0.021208333333333333
