0 0.693296875 0.757257019438445 0.045375 0.1870842332613391
0 0.7361328125000001 0.7322894168466524 0.059671875 0.20950323974082075
0 0.8696171874999999 0.7490388768898488 0.043734375 0.20291576673866094
0 0.805328125 0.706501079913607 0.029312500000000005 0.11598272138228943
0 0.60603125 0.7487257019438446 0.03415625 0.1681209503239741
0 0.524109375 0.6985421166306696 0.025437500000000002 0.11358531317494602
0 0.4298046875 0.7208963282937365 0.026828125000000005 0.13371490280777537
0 0.40260156249999995 0.6942656587473003 0.021859375 0.11323974082073435
0 0.456375 0.7066630669546436 0.03084375 0.13224622030237582
0 0.3771796875 0.7272462203023758 0.04070312500000001 0.16041036717062634
0 0.4693046875 0.7386177105831534 0.041890625 0.15166306695464363
0 0.33487500000000003 0.7108963282937365 0.02740625 0.12645788336933045
