4 0.5174140625 0.6292083333333333 0.7685468750000001 0.45841666666666664
4 0.06994531250000001 0.5876458333333333 0.13989062500000002 0.492125
0 0.95025 0.6662083333333333 0.0325625 0.10470833333333333
0 0.96534375 0.6486354166666666 0.018875000000000003 0.09356249999999999
0 0.27527343750000005 0.54725 0.05907812500000001 0.07395833333333333
0 0.9328203125000001 0.6593333333333332 0.026328125000000004 0.11387499999999999
0 0.90996875 0.6276666666666666 0.01503125 0.050875000000000004
0 0.35021875 0.5185208333333333 0.07165625 0.111125
0 0.94940625 0.611375 0.01071875 0.012291666666666668
0 0.9283125000000001 0.6215833333333333 0.0194375 0.04825
