0 0.7309140625000001 0.6646470588235294 0.11289062500000001 0.4205882352941176
0 0.50403125 0.6655411764705882 0.11665625 0.5360235294117647
0 0.968296875 0.6696117647058822 0.06340625 0.32035294117647056
0 0.582734375 0.6561764705882352 0.073125 0.3595529411764706
0 0.8315937500000001 0.6594 0.06765625 0.3056235294117646
0 0.9111796875 0.6661058823529412 0.068859375 0.2944235294117647
0 0.370828125 0.6455058823529412 0.21040625000000002 0.678635294117647
0 0.12535156249999999 0.6814588235294117 0.149234375 0.6112470588235293
0 0.6716953125 0.6640235294117646 0.05645312500000001 0.3322823529411764
0 0.858625 0.6559882352941176 0.023625 0.12811764705882353
