0 0.559421875 0.5775234741784037 0.19146875000000002 0.7460798122065727
0 0.58859375 0.33145539906103283 0.1151875 0.5954929577464789
0 0.3238359375 0.17190140845070423 0.118171875 0.28539906103286383
0 0.23034375000000004 0.18876760563380285 0.11068750000000001 0.29664319248826293
0 0.0884921875 0.21647887323943663 0.139390625 0.3011737089201878
0 0.0430546875 0.09132629107981219 0.051828125 0.18241784037558684
0 0.32671875 0.08370892018779343 0.10315625 0.16741784037558685
0 0.18772656250000003 0.1940962441314554 0.09557812500000001 0.36068075117370896
0 0.016578125 0.2204107981220657 0.03315625 0.32279342723004695
0 0.1125625 0.08167840375586854 0.08146875 0.1633568075117371
0 0.24375000000000002 0.06352112676056337 0.080125 0.12652582159624412
0 0.16078906250000002 0.06492957746478874 0.086453125 0.12985915492957747
