0 0.5226640625 0.7239812646370023 0.12792187500000002 0.24327868852459014
0 0.17279687500000002 0.5435831381733022 0.1029375 0.36440281030444965
0 0.7676796875 0.19867681498829037 0.060046875 0.18583138173302105
0 0.8354374999999999 0.21988290398126464 0.031375 0.19053864168618267
0 0.047984375 0.4898946135831382 0.06296875 0.33707259953161595
0 0.5756718749999999 0.16368852459016395 0.03309375 0.1564168618266979
0 0.973140625 0.10550351288056205 0.043375000000000004 0.19138173302107728
0 0.5606796875000001 0.061288056206088994 0.022984375 0.1200936768149883
0 0.5865703125 0.05646370023419204 0.03698437500000001 0.11292740046838408
0 0.9258984374999999 0.07859484777517566 0.042296875000000005 0.15587822014051522
0 0.5303515625 0.10713114754098362 0.038828125000000005 0.1566510538641686
