0 0.19130468750000001 0.38769791666666664 0.11173437500000001 0.2979791666666667
0 0.33278125000000003 0.17969791666666665 0.04975 0.04560416666666667
0 0.44791406250000004 0.10264583333333333 0.023828125000000002 0.04483333333333333
0 0.4513125 0.17951041666666667 0.060812500000000005 0.051229166666666666
0 0.7334140625000001 0.2666979166666667 0.071984375 0.06102083333333333
0 0.7979453125 0.26940625 0.052734375 0.05552083333333333
0 0.0218515625 0.4101875 0.043703125 0.31224999999999997
0 0.983609375 0.4704375 0.032781250000000005 0.226625
0 0.4471093750000001 0.27085416666666673 0.07478125000000001 0.050916666666666666
0 0.9185156250000001 0.09505208333333333 0.048156250000000005 0.06172916666666666
0 0.8211562500000001 0.09964583333333332 0.0543125 0.049666666666666665
0 0.3549609375 0.09958333333333334 0.053765625 0.051
0 0.5680703125000001 0.5111354166666666 0.189359375 0.5396041666666667
