2 0.5374609375 0.21353629976580799 0.284890625 0.2001405152224824
2 0.1374140625 0.1500585480093677 0.134578125 0.06142857142857143
2 0.045234375 0.14562060889929743 0.09046875 0.06276346604215456
2 0.6240390625000001 0.13401639344262295 0.07545312500000001 0.05576112412177986
3 0.49401562499999996 0.4808899297423887 0.98503125 0.6966276346604215
0 0.705171875 0.13008196721311477 0.03765625 0.08517564402810304
0 0.829109375 0.1689695550351288 0.06896875000000001 0.21798594847775174
0 0.6717343750000001 0.12002341920374707 0.018312500000000002 0.05105386416861827
0 0.6872265625 0.1273887587822014 0.019484375 0.05740046838407494
6 0.48045312500000004 0.12014051522248242 0.25128125 0.21030444964871195
0 0.5737109374999999 0.17066744730679156 0.044015625 0.04559718969555035
