4 0.86704 0.6601733333333333 0.16576 0.08802666666666666
4 0.74311 0.64912 0.10490000000000001 0.09290666666666668
0 0.21566 0.5393600000000001 0.43132 0.92128
0 0.54259 0.8292400000000001 0.0741 0.12226666666666666
0 0.54071 0.7293333333333333 0.027460000000000002 0.09125333333333333
0 0.69777 0.7501466666666666 0.024579999999999998 0.09725333333333333
0 0.7212099999999999 0.75252 0.028059999999999998 0.09821333333333332
0 0.8727 0.8435733333333333 0.041159999999999995 0.14479999999999998
0 0.6122799999999999 0.7127066666666666 0.02084 0.07949333333333333
0 0.60372 0.6890533333333333 0.01244 0.05805333333333333
0 0.921 0.8538266666666665 0.03168 0.11917333333333333
0 0.59697 0.64532 0.00838 0.03853333333333333
0 0.6314400000000001 0.6474133333333333 0.014400000000000001 0.04085333333333333
0 0.45481 0.82656 0.06814 0.12042666666666665
0 0.61667 0.6455733333333333 0.01018 0.040426666666666666
