0 0.49234000000000006 0.7352400000000001 0.58096 0.5076533333333333
0 0.55322 0.35891999999999996 0.02104 0.04978666666666667
0 0.89109 0.7685733333333334 0.19678 0.4306933333333333
0 0.13548 0.8304266666666665 0.27096 0.33914666666666665
0 0.7342799999999999 0.7375733333333332 0.14756 0.17642666666666665
0 0.50063 0.36851999999999996 0.022420000000000002 0.04829333333333333
0 0.79818 0.6404 0.06856000000000001 0.3044266666666666
0 0.04574 0.7416933333333333 0.02884 0.10461333333333332
0 0.5858199999999999 0.35096000000000005 0.016800000000000002 0.032
0 0.9331200000000001 0.7051999999999999 0.13248 0.5584533333333332
0 0.17470999999999998 0.84328 0.02614 0.13050666666666666
