2 0.6298828125 0.26980208333333333 0.031953125 0.06322916666666667
2 0.44140625 0.27560416666666665 0.13428125 0.06120833333333333
2 0.2938828125 0.27559374999999997 0.132546875 0.07785416666666665
2 0.5607265625000001 0.27266666666666667 0.15095312500000002 0.072875
2 0.0240859375 0.28792708333333333 0.048171875 0.07293749999999999
0 0.72978125 0.503375 0.22246875 0.45841666666666664
0 0.201421875 0.33053125 0.034 0.14806249999999999
0 0.8676171875 0.26121875 0.019140625 0.06202083333333333
0 0.8208515625000001 0.2572395833333333 0.030171875 0.07227083333333333
0 0.8962578124999999 0.261625 0.014609375 0.068125
0 0.355171875 0.24535416666666665 0.009 0.024666666666666667
0 0.5691015625000001 0.25579166666666664 0.010359375 0.015291666666666667
0 0.059906249999999994 0.27965624999999994 0.01396875 0.06489583333333333
