0 0.3956640625 0.5805176470588235 0.147046875 0.40555294117647056
0 0.3223281250000001 0.5065882352941177 0.05759375 0.1564705882352941
0 0.285328125 0.4963882352941175 0.027250000000000003 0.06138823529411764
0 0.12603906250000002 0.5312235294117647 0.050484375000000005 0.15571764705882354
0 0.093265625 0.6516823529411765 0.18653125 0.696635294117647
0 0.23255468750000002 0.5049882352941176 0.052828125000000004 0.11642352941176469
0 0.20871874999999998 0.49441176470588233 0.0240625 0.07315294117647059
0 0.48717968749999996 0.5037764705882353 0.023921875000000002 0.06595294117647059
0 0.6108359375000001 0.47170588235294114 0.012703125000000003 0.02952941176470588
0 0.71303125 0.49172941176470586 0.01640625 0.038799999999999994
0 0.2500078125 0.5110470588235293 0.026578125000000005 0.1036470588235294
0 0.56428125 0.49370588235294116 0.02484375 0.054941176470588236
