0 0.5063125 0.34978922716627636 0.14296875 0.40763466042154567
0 0.7017500000000001 0.41104215456674476 0.33659375 0.6666744730679157
0 0.9019609375000001 0.33430913348946134 0.13248437500000002 0.5017798594847775
0 0.9257968750000001 0.06085480093676815 0.0663125 0.1217096018735363
0 0.28088281249999997 0.13495316159250587 0.08285937500000001 0.19711943793911008
0 0.6065703125000002 0.17059718969555035 0.059671875 0.07866510538641687
0 0.10100781250000002 0.13008196721311477 0.06867187500000001 0.23430913348946136
0 0.8356874999999999 0.08120608899297423 0.079875 0.16241217798594845
0 0.4049921875 0.08578454332552692 0.08485937500000001 0.11911007025761124
0 0.06909375 0.16063231850117096 0.067875 0.1809367681498829
0 0.21042187500000004 0.15887587822014052 0.09643750000000001 0.2527400468384075
0 0.788390625 0.07819672131147541 0.0368125 0.1544262295081967
0 0.6078125000000001 0.3629976580796253 0.728125 0.6323185011709602
