0 0.5057 0.5832142857142857 0.28816 0.5515714285714286
0 0.80635 0.5170833333333335 0.28026 0.6111190476190477
0 0.74964 0.364202380952381 0.09348000000000001 0.34311904761904766
0 0.62481 0.7078690476190477 0.35486 0.42697619047619056
0 0.21331 0.5168452380952382 0.19254 0.7235952380952382
0 0.12175 0.5640476190476191 0.21330000000000002 0.8134761904761906
0 0.35015999999999997 0.50225 0.11892 0.649452380952381
0 0.9438000000000001 0.3693571428571429 0.11240000000000001 0.1911904761904762
0 0.9722500000000001 0.3332738095238095 0.05526 0.12173809523809526
0 0.12171000000000001 0.31255952380952384 0.07262 0.21983333333333335
