0 0.41782031250000007 0.5280520833333333 0.07514062500000002 0.3138125
0 0.7671328125000001 0.5673541666666666 0.057734375000000004 0.24770833333333334
0 0.6741796875 0.47475 0.054546874999999995 0.18262499999999998
0 0.4006171875000001 0.40467708333333335 0.048640625 0.043229166666666666
0 0.524640625 0.46481249999999996 0.050625 0.2085
0 0.487546875 0.6011875 0.0834375 0.15275
0 0.29557812499999997 0.5339583333333333 0.07971875 0.3015
0 0.5792421875 0.5833541666666666 0.100078125 0.19866666666666666
0 0.15276562500000002 0.4092604166666666 0.06146875000000001 0.1129375
0 0.279125 0.38903125000000005 0.056999999999999995 0.1246875
0 0.6636250000000001 0.3249166666666667 0.014812500000000001 0.029166666666666667
0 0.8662421875 0.3972083333333334 0.023140625 0.033666666666666664
0 0.576453125 0.6378854166666666 0.15775 0.08727083333333334
0 0.49921875000000004 0.21770833333333334 0.9984375000000001 0.4270833333333333
