0 0.23923437500000003 0.7618020833333332 0.47846875000000005 0.3896875
0 0.46564062500000003 0.5647083333333334 0.1871875 0.5254583333333334
0 0.844984375 0.4654375 0.11393750000000001 0.32137499999999997
0 0.5931093749999999 0.32390625 0.08925 0.18597916666666667
0 0.692875 0.2125 0.0543125 0.09854166666666667
0 0.7843203125 0.29269791666666667 0.10429687500000001 0.22572916666666665
0 0.7837109375 0.3887708333333333 0.094390625 0.20224999999999999
0 0.7270859375000001 0.28653125 0.045421875 0.0854375
0 0.5320703125 0.3901458333333333 0.070890625 0.19533333333333333
0 0.9428046875 0.38809375000000007 0.100859375 0.20502083333333332
0 0.9075312499999999 0.34859375 0.080125 0.15802083333333333
0 0.8571718750000001 0.28504166666666664 0.04571875 0.06529166666666666
