3 0.5620546875 0.5647892271662763 0.099015625 0.2167447306791569
0 0.5094765625000001 0.3538758782201405 0.051234375 0.09032786885245901
0 0.2724609375 0.3438056206088993 0.020140625000000002 0.05149882903981264
3 0.3160703125 0.4655620608899298 0.044140625 0.10957845433255269
6 0.0895625 0.3603981264637003 0.176125 0.21475409836065573
0 0.2049921875 0.44460187353629976 0.025515625 0.1207728337236534
2 0.236140625 0.358536299765808 0.05903125000000001 0.027798594847775172
0 0.5267343750000001 0.3937236533957846 0.041375 0.13372365339578454
0 0.291078125 0.38723653395784546 0.02528125 0.13517564402810303
0 0.3922109375 0.5466978922716628 0.036234375000000006 0.19536299765807963
6 0.18241406250000003 0.360632318501171 0.048171875 0.12533957845433255
2 0.38017968750000003 0.3807494145199063 0.094640625 0.13779859484777518
