2 0.9068541666666666 0.37707812500000004 0.18629166666666666 0.0899375
2 0.8 0.33717968750000005 0.035791666666666666 0.022828125
4 0.3256875 0.34561718750000003 0.23779166666666665 0.100609375
4 0.8695520833333333 0.329171875 0.07414583333333334 0.054781250000000004
0 0.5982291666666666 0.505515625 0.22795833333333335 0.36965625
0 0.13284375 0.4269921875 0.20689583333333333 0.25570312500000003
0 0.3734375 0.36776562500000004 0.03370833333333333 0.0705
0 0.40372916666666664 0.36796093750000003 0.04029166666666666 0.057390625
0 0.5305104166666667 0.35232031250000007 0.024270833333333335 0.042359375000000005
6 0.5131458333333333 0.3373359375 0.15770833333333334 0.10017187500000001
0 0.4564375 0.3635312500000001 0.053375 0.06665625
0 0.8841041666666667 0.342953125 0.028874999999999998 0.0365
2 0.7183229166666667 0.3374296875 0.026020833333333333 0.012296875
