0 0.113359375 0.357031914893617 0.09528125 0.46308510638297873
0 0.7508828125 0.4056170212765957 0.178234375 0.6
0 0.2524921875 0.3809042553191489 0.06601562500000001 0.47414893617021275
0 0.301328125 0.3858510638297873 0.09668750000000001 0.44851063829787235
0 0.378328125 0.3684148936170213 0.09109375 0.47648936170212763
0 0.42588281250000004 0.4082340425531915 0.10920312500000001 0.45076595744680853
0 0.4835312500000001 0.376404255319149 0.072625 0.47863829787234047
0 0.5328515625000001 0.40336170212765954 0.11579687500000001 0.5028510638297873
0 0.575234375 0.3856595744680851 0.06590625 0.49731914893617024
0 0.65121875 0.39372340425531915 0.12678125 0.5246808510638298
0 0.20259375000000002 0.3339893617021277 0.08171875 0.4106595744680851
