1 0.7262187500000001 0.3541033755274261 0.031625 0.03854430379746835
2 0.109671875 0.3471413502109705 0.06331250000000001 0.06259493670886075
1 0.902375 0.35467299578059064 0.015125 0.03867088607594936
1 0.8854765625000001 0.3574472573839662 0.020265625000000002 0.03282700421940928
0 0.42607031250000005 0.5168565400843882 0.14645312500000002 0.791012658227848
0 0.660578125 0.3391350210970464 0.01959375 0.07649789029535864
0 0.6838125 0.3337130801687764 0.028375 0.08814345991561182
0 0.1943359375 0.33670886075949363 0.015015625 0.06755274261603375
0 0.799453125 0.3340717299578059 0.01721875 0.07810126582278482
0 0.9595234375000001 0.30746835443037973 0.03754687500000001 0.09050632911392403
0 0.708984375 0.34029535864978905 0.0170625 0.07780590717299578
0 0.05265625000000001 0.21556962025316453 0.013218750000000001 0.025654008438818564
0 0.0490078125 0.27645569620253163 0.010953125000000001 0.052236286919831225
0 0.8668125 0.33785864978902946 0.01490625 0.07031645569620253
0 0.75428125 0.32466244725738397 0.0210625 0.10679324894514766
1 0.9770781249999999 0.34645569620253164 0.04584375 0.059240506329113915
1 0.8568359375000001 0.3586181434599156 0.014171875 0.028333333333333332
1 0.74903125 0.355042194092827 0.009500000000000001 0.035147679324894515
1 0.7432343750000001 0.3526054852320675 0.011312500000000001 0.044240506329113916
1 0.7879765625 0.3450210970464135 0.008203125 0.030759493670886075
4 0.5862421875 0.3025738396624472 0.204890625 0.12957805907172995
4 0.5011328125 0.26819620253164556 0.09598437500000001 0.1479957805907173
0 0.8294609375 0.3309915611814345 0.021515625 0.09008438818565401
0 0.06364062499999999 0.305126582278481 0.006500000000000001 0.018101265822784807
1 0.8439765625000002 0.3530274261603375 0.024046875000000002 0.04014767932489451
0 0.44375000000000003 0.28586497890295354 0.884375 0.1962025316455696
