0 0.4198148148148148 0.547296875 0.5047474747474747 0.8716250000000001
0 0.9071548821548822 0.178921875 0.18569023569023568 0.22053124999999998
0 0.3770622895622896 0.20642968750000001 0.08466329966329966 0.12601562500000002
0 0.5304713804713804 0.075234375 0.07707070707070707 0.11787500000000001
0 0.5729208754208754 0.0557265625 0.04668350168350168 0.058921875000000005
0 0.9549494949494949 0.0549609375 0.04936026936026936 0.049546875000000004
0 0.7547390572390572 0.2431796875 0.08991582491582491 0.07645312500000001
0 0.8023653198653199 0.090265625 0.09803030303030302 0.10518749999999999
0 0.469436026936027 0.107421875 0.14079124579124577 0.19465625
0 0.711456228956229 0.07831250000000001 0.03297979797979798 0.03715625
0 0.7668097643097643 0.17037500000000003 0.16348484848484848 0.23596875000000003
0 0.6362878787878787 0.13954687500000001 0.14422558922558923 0.27909375000000003
0 0.8712037037037037 0.057960937500000004 0.039175084175084175 0.051296875
0 0.5193602693602694 0.13984375000000002 0.8434343434343434 0.27968750000000003
