0 0.4306908665105386 0.5235703125 0.6576346604215457 0.769953125
0 0.41420374707259955 0.16546093750000002 0.14723653395784542 0.23192187500000003
0 0.568711943793911 0.14107812500000003 0.12711943793911007 0.19593750000000001
0 0.8644496487119439 0.24435156250000004 0.17255269320843092 0.467265625
0 0.3180093676814988 0.2258671875 0.13939110070257613 0.36367187500000003
0 0.2334426229508197 0.23548437499999997 0.11021077283372366 0.3326875
0 0.1588992974238876 0.21010937500000001 0.08023419203747072 0.2603125
0 0.7312060889929743 0.0375859375 0.07805620608899297 0.07292187500000001
0 0.8539929742388758 0.6654296875000001 0.29201405152224824 0.450984375
0 0.7858079625292739 0.06726562500000001 0.053676814988290404 0.13053125000000002
0 0.7352693208430914 0.2622109375 0.14772833723653395 0.396015625
0 0.7698946135831382 0.05912500000000001 0.02306791569086651 0.03684375
0 0.07179156908665106 0.23792968750000001 0.1240983606557377 0.299515625
0 0.5 0.24296875 0.9953161592505855 0.48281250000000003
