0 0.577984375 0.11573770491803279 0.07646875 0.1146135831381733
0 0.32883593750000006 0.0786533957845433 0.101859375 0.15355971896955503
0 0.24475781250000003 0.07551522248243558 0.079390625 0.15103044496487117
0 0.39380468750000003 0.5884543325526932 0.279296875 0.43381733021077284
0 0.9602031250000002 0.4740983606557377 0.072125 0.5337704918032786
0 0.901078125 0.14831381733021076 0.08996875 0.09437939110070256
0 0.649609375 0.0651288056206089 0.11153125 0.1302576112412178
0 0.4798046875 0.06372365339578455 0.10004687500000001 0.1274473067915691
0 0.6135390625000001 0.5145784543325527 0.23176562500000003 0.44152224824355973
0 0.39575 0.11023419203747073 0.1111875 0.1033255269320843
0 0.9490468750000001 0.10850117096018735 0.07334375 0.1568149882903981
0 0.1911796875 0.09288056206088992 0.092890625 0.11100702576112412
0 0.09412500000000001 0.09147540983606559 0.08803125 0.1048711943793911
