0 0.32191406250000004 0.5146041666666666 0.289890625 0.58875
0 0.6235937500000001 0.6202291666666667 0.2426875 0.3640416666666667
0 0.8515156250000001 0.57434375 0.19037500000000002 0.48243749999999996
0 0.9195781250000001 0.3813958333333333 0.13343750000000001 0.4610833333333333
0 0.7631562500000001 0.23283333333333334 0.12162500000000001 0.13325
0 0.6212968750000001 0.35584375 0.122125 0.33968750000000003
0 0.50771875 0.3558125 0.1395 0.40704166666666663
0 0.374203125 0.3481354166666667 0.11521875 0.40227083333333336
0 0.24607031250000003 0.32584375 0.10785937500000001 0.4359375
0 0.1386328125 0.3325104166666667 0.10517187500000001 0.43402083333333336
