0 0.3410546875 0.7915520833333333 0.010890625000000001 0.017979166666666668
0 0.36469531250000004 0.7865416666666667 0.009984375 0.028416666666666666
0 0.24003125000000003 0.7952083333333333 0.0188125 0.043875
0 0.2537109375 0.7929375000000001 0.011453125000000001 0.03154166666666667
0 0.30052343750000005 0.8138229166666666 0.007765625 0.025729166666666664
0 0.3905234375 0.7894375 0.004921875 0.025875
0 0.566015625 0.7746979166666665 0.0045625 0.014895833333333334
0 0.6570546875000001 0.7924166666666665 0.008671875 0.027166666666666665
0 0.742796875 0.8296458333333332 0.0119375 0.04775
0 0.6868671875 0.83871875 0.008078125 0.03472916666666667
0 0.56284375 0.7944583333333334 0.0080625 0.018375
0 0.734796875 0.8229583333333332 0.009937500000000002 0.051791666666666666
0 0.37291406250000003 0.7908229166666667 0.007140625000000001 0.03352083333333333
0 0.49296875 0.7697916666666667 0.9109375000000001 0.04791666666666666
