1 0.8413359374999999 0.6496941176470588 0.071171875 0.3227294117647058
1 0.7019687500000001 0.4956588235294117 0.04465625 0.24821176470588233
1 0.4367265625 0.7376235294117647 0.155546875 0.49999999999999994
0 0.7715625 0.2934117647058823 0.08515625 0.3477176470588235
0 0.0718359375 0.4252470588235294 0.143140625 0.6002823529411764
0 0.22614062499999998 0.2608 0.08206250000000001 0.2652705882352941
0 0.15760937500000002 0.24728235294117645 0.07325000000000001 0.20487058823529408
0 0.39342968750000007 0.2473647058823529 0.051828125 0.1552470588235294
1 0.19101562500000002 0.6543764705882352 0.16415625 0.27190588235294116
0 0.8398046875 0.46847058823529414 0.145078125 0.6013647058823529
0 0.61859375 0.27502352941176467 0.08368750000000001 0.3246823529411765
0 0.448734375 0.5705411764705881 0.20303125 0.7931294117647057
0 0.4461875 0.17303529411764704 0.04178125 0.11237647058823529
0 0.3444375 0.26603529411764704 0.0763125 0.27865882352941174
0 0.6863359375 0.4019176470588235 0.101953125 0.41305882352941176
0 0.4885312500000001 0.2261882352941176 0.07553125000000001 0.16197647058823528
1 0.22497656250000003 0.4345647058823529 0.049796875000000004 0.1669176470588235
1 0.34735156250000004 0.352435294117647 0.025296875000000003 0.17428235294117644
0 0.31860937500000003 0.2188 0.026312500000000003 0.1616941176470588
1 0.05175 0.6706941176470588 0.1035 0.6134823529411765
0 0.4578125 0.21999999999999997 0.8500000000000001 0.29882352941176465
