0 0.49926426426426423 0.58716 0.9985285285285285 0.8240000000000001
0 0.6781531531531532 0.09798000000000001 0.10291291291291292 0.08792
0 0.10477477477477477 0.27784000000000003 0.11915915915915916 0.38932
0 0.9413363363363364 0.27038 0.11732732732732733 0.35004
0 0.8943993993993995 0.16988 0.08807807807807808 0.11868000000000001
0 0.6194144144144144 0.17865 0.22663663663663663 0.11906
0 0.8302402402402403 0.12236 0.09891891891891891 0.06588
0 0.8296996996996997 0.29281 0.13105105105105105 0.26186000000000004
0 0.21004504504504506 0.25160000000000005 0.14003003003003003 0.36268
0 0.046696696696696696 0.15563 0.08678678678678678 0.16746
0 0.31731231231231233 0.19398 0.14261261261261263 0.15488
