2 0.2951646706586827 0.34937 0.35098802395209583 0.09194
0 0.30886227544910183 0.46411 0.2430538922155689 0.35422000000000003
0 0.1384880239520958 0.33089999999999997 0.036137724550898205 0.04224
0 0.18008982035928145 0.35695 0.045329341317365275 0.10274
0 0.23140718562874255 0.35793 0.04029940119760479 0.09514
0 0.060254491017964075 0.35018 0.0412874251497006 0.08128
0 0.6023802395209581 0.43666999999999995 0.11080838323353294 0.22053999999999999
0 0.5479041916167665 0.30627 0.020119760479041918 0.02714
0 0.009625748502994013 0.34765999999999997 0.019251497005988025 0.08968000000000001
0 0.3692215568862276 0.29867000000000005 0.017005988023952097 0.00922
0 0.8134431137724552 0.30078000000000005 0.037125748502994015 0.041240000000000006
6 0.29531437125748505 0.34923000000000004 0.35458083832335335 0.0955
0 0.10567365269461079 0.34663 0.04278443113772455 0.08214
