0 0.39055468750000005 0.7933229166666667 0.064359375 0.11177083333333333
0 0.39460156250000006 0.7272812499999999 0.020859375 0.05497916666666667
0 0.9162656250000002 0.8481562500000001 0.0413125 0.20527083333333332
0 0.331921875 0.77840625 0.0383125 0.16168749999999998
0 0.2307265625 0.7710625 0.036453124999999996 0.16291666666666668
0 0.10985156250000001 0.7710833333333333 0.040265625 0.1353333333333333
0 0.9655624999999999 0.8293958333333333 0.058687500000000004 0.24845833333333334
0 0.6459218750000001 0.675125 0.0194375 0.057791666666666665
0 0.17946093750000003 0.77153125 0.044578125 0.13489583333333333
0 0.079515625 0.76678125 0.0368125 0.12914583333333335
0 0.3656875 0.7154270833333333 0.03 0.0466875
0 0.31860156250000005 0.7679479166666667 0.019671875000000002 0.12677083333333333
0 0.7388125000000001 0.7645833333333333 0.04175 0.21370833333333333
0 0.49140625000000004 0.7427083333333333 0.9796875 0.22291666666666665
