0 0.5948515625 0.44510416666666663 0.057703125 0.1978333333333333
0 0.2618125 0.4619583333333333 0.0864375 0.168
0 0.28039062500000006 0.25347916666666664 0.07184375 0.12858333333333333
0 0.53571875 0.27459375 0.036937500000000005 0.1735625
0 0.5904843750000001 0.28863541666666664 0.034281250000000006 0.1398125
0 0.63246875 0.34058333333333335 0.04596875 0.12454166666666666
0 0.9562578125000001 0.2997708333333333 0.055015625000000005 0.16529166666666667
0 0.8431250000000001 0.46469791666666665 0.08396875000000001 0.17164583333333333
0 0.8952734375000001 0.35565625 0.036953124999999996 0.049770833333333334
0 0.150296875 0.112125 0.04075 0.043041666666666666
0 0.2731484375 0.11464583333333334 0.033390625 0.031083333333333334
0 0.5589453125 0.2943541666666667 0.035734375000000006 0.167375
0 0.8535078125000001 0.3460520833333333 0.055296875 0.06902083333333334
0 0.56640625 0.4010416666666667 0.8640625000000001 0.7979166666666666
