0 0.770046875 0.623849765258216 0.20584375000000002 0.7268544600938966
0 0.48842187500000006 0.5762793427230047 0.1280625 0.5615258215962442
0 0.4092109375 0.5532863849765258 0.099734375 0.40877934272300465
0 0.24232031249999997 0.6431338028169015 0.191453125 0.6853755868544602
0 0.1699453125 0.42380281690140853 0.061703125000000004 0.12422535211267606
0 0.028828125000000007 0.6552230046948357 0.05556250000000001 0.6895539906103286
0 0.35278906250000003 0.5501643192488264 0.086328125 0.5039906103286385
0 0.33380468750000003 0.3320070422535211 0.049984375 0.1738732394366197
0 0.5968203125 0.5932511737089202 0.18248437500000003 0.7730281690140846
0 0.07853125 0.6640492957746479 0.10918749999999999 0.6449530516431925
