0 0.45262 0.35563714902807775 0.36956 0.3565010799136069
2 0.20668 0.4921166306695465 0.05676 0.03961123110151188
2 0.24483999999999997 0.49296976241900653 0.03572 0.04542116630669547
2 0.47867 0.5176457883369331 0.05594 0.040950323974082076
2 0.54268 0.5200863930885529 0.0434 0.03879049676025918
2 0.8899900000000001 0.5437904967602593 0.08298000000000001 0.034708423326133914
2 0.29681 0.4966522678185746 0.04662 0.04518358531317495
2 0.0154 0.46782937365010807 0.0308 0.045723542116630676
2 0.78604 0.5361771058315336 0.07336 0.03451403887688985
6 0.24271 0.4904535637149028 0.03786 0.03758099352051836
0 0.1085 0.4818574514038877 0.0316 0.06250539956803457
