0 0.881859375 0.6845695364238411 0.0194375 0.05757174392935982
0 0.41640625000000003 0.6734547461368653 0.031968750000000004 0.0593598233995585
0 0.5882421875 0.6849116997792496 0.012546874999999999 0.052339955849889624
0 0.6379140625 0.6646688741721853 0.009953125 0.042891832229580575
0 0.6652578125 0.6587086092715233 0.005734375 0.03163355408388521
0 0.7006953125000001 0.6465342163355409 0.007265625000000001 0.02512141280353201
1 0.15402343750000003 0.7519426048565121 0.045421875 0.04701986754966887
1 0.102890625 0.7448454746136864 0.027562500000000004 0.038211920529801324
0 0.15356250000000002 0.7293929359823399 0.0245 0.0820971302428256
0 0.8469453125000002 0.6533333333333334 0.009578125 0.03245033112582781
0 0.073515625 0.7167328918322295 0.016625 0.09403973509933775
0 0.27904687499999997 0.6717218543046358 0.011375000000000001 0.025651214128035317
0 0.6156718750000001 0.6580905077262693 0.004875000000000001 0.02116997792494481
0 0.8876328125000001 0.6575055187637969 0.011265625000000001 0.03381898454746137
0 0.8741953125 0.6536423841059603 0.010578125 0.03615894039735099
0 0.3828125 0.6832229580573952 0.7562500000000001 0.18763796909492272
