0 0.8430831643002028 0.4674140625 0.22170385395537526 0.229203125
0 0.8678498985801216 0.21256250000000004 0.21022312373225152 0.20028125000000002
0 0.9024442190669372 0.3583671875000001 0.15490872210953346 0.20667187500000003
0 0.5157505070993914 0.381921875 0.45036511156186615 0.2609375
0 0.37108519269776874 0.341609375 0.1844421906693712 0.16171875000000002
0 0.1927789046653144 0.4118593750000001 0.15427991886409737 0.14621875
0 0.1642089249492901 0.4003828125 0.27101419878296146 0.35917187500000003
0 0.5469168356997971 0.209828125 0.10827586206896551 0.16818750000000002
0 0.6262677484787018 0.20328906250000003 0.09237322515212981 0.195703125
0 0.7146146044624746 0.23866406250000002 0.18866125760649088 0.20660937499999998
