2 0.11692187500000001 0.8679496402877699 0.23384375000000002 0.2620863309352518
2 0.42982031249999997 0.7420863309352518 0.016109375000000002 0.05805755395683454
2 0.7337656250000001 0.7871043165467627 0.0383125 0.08600719424460432
4 0.367296875 0.7240287769784173 0.11440625 0.23784172661870506
0 0.26229687500000004 0.7331115107913669 0.00940625 0.0779496402877698
2 0.2966640625 0.7234172661870504 0.014890625 0.04280575539568346
0 0.37350000000000005 0.6845323741007195 0.012375 0.028489208633093527
0 0.38754687499999996 0.6738489208633093 0.011375000000000001 0.042302158273381296
0 0.275453125 0.7335251798561152 0.0104375 0.06697841726618706
0 0.3555078125 0.6866726618705037 0.012984375000000001 0.025863309352517988
2 0.3068203125 0.7285791366906474 0.014078125 0.05291366906474821
2 0.3098828125 0.7418345323741007 0.007921875 0.048561151079136694
