3 0.4202656250000001 0.5934660421545668 0.07221875 0.15152224824355973
3 0.34937500000000005 0.5162060889929742 0.025343749999999998 0.06182669789227166
3 0.30465625 0.49911007025761117 0.018687500000000003 0.06182669789227166
3 0.5933046875 0.48668618266978925 0.027203125 0.03768149882903981
3 0.47760937500000006 0.4869672131147541 0.0200625 0.048641686182669785
3 0.5060859375 0.4816978922716627 0.017078125 0.04353629976580796
3 0.39810156250000006 0.5060772833723653 0.024171875000000002 0.05646370023419204
3 0.3231015625 0.4903512880562061 0.020453125000000003 0.052271662763466044
0 0.3472734375 0.49072599531615924 0.025765625 0.0805152224824356
0 0.39415625000000004 0.4898009367681499 0.025750000000000002 0.07318501170960187
0 0.41425781250000004 0.5363700234192037 0.051234375 0.0594847775175644
0 0.47884375 0.4683489461358314 0.021906250000000002 0.052763466042154566
0 0.5103203125000001 0.47270491803278686 0.020640625000000003 0.06611241217798595
0 0.382953125 0.4553512880562061 0.019000000000000003 0.029063231850117097
0 0.4348046875 0.5067798594847774 0.033796875 0.04086651053864168
3 0.43920312499999997 0.4940281030444965 0.0198125 0.05105386416861827
3 0.379609375 0.48613583138173305 0.0228125 0.05058548009367682
0 0.43509375 0.45326697892271667 0.00865625 0.024285714285714285
0 0.5988749999999999 0.47056206088992975 0.014124999999999999 0.050304449648711946
0 0.6064218750000001 0.4701170960187353 0.0105 0.05362997658079625
0 0.3274296875 0.4716393442622951 0.018796875 0.06875878220140515
0 0.3062578125 0.47908665105386417 0.032234375 0.07011709601873536
0 0.42594531250000006 0.4753161592505855 0.010109375 0.016814988290398125
0 0.42421875000000003 0.47306791569086654 0.06406250000000001 0.07494145199063232
