3 0.47278125 0.5767213114754098 0.748875 0.616768149882904
3 0.5206796875 0.3096955503512881 0.256953125 0.3423419203747073
3 0.045726562500000005 0.19888758782201407 0.08845312500000001 0.15056206088992977
3 0.44503125 0.3286533957845433 0.183375 0.25234192037470726
3 0.1643984375 0.19366510538641685 0.024484375000000003 0.09805620608899297
3 0.39412500000000006 0.27449648711943797 0.2798125 0.2810772833723653
4 0.507515625 0.09325526932084309 0.4123125 0.13259953161592505
0 0.6593437500000001 0.33090163934426226 0.12196875000000001 0.544519906323185
0 0.7323359375 0.19942622950819672 0.040046875 0.1824590163934426
0 0.8189609375 0.21049180327868852 0.051421875 0.22894613583138174
0 0.8614843750000001 0.2328103044496487 0.06365625000000001 0.2743793911007026
0 0.5014921875000001 0.5137119437939109 0.9970156250000001 0.9237704918032786
3 0.21021875 0.182576112412178 0.022531250000000003 0.09601873536299765
3 0.9432734374999999 0.2562177985948478 0.047765625000000006 0.08250585480093676
3 0.09550781250000001 0.19638173302107725 0.063515625 0.07365339578454333
