1 0.8129700000000001 0.3477066666666666 0.10778 0.08688
1 0.89927 0.33832 0.08202 0.09408
0 0.40025 0.34945333333333334 0.1325 0.1764
0 0.6148600000000001 0.4869733333333333 0.11328 0.3853066666666667
0 0.1875 0.6508933333333332 0.36824 0.6711733333333333
0 0.25914 0.4236933333333333 0.11368 0.2449333333333333
0 0.31057999999999997 0.3278 0.07923999999999999 0.11639999999999999
0 0.21638 0.32367999999999997 0.06172 0.13792
0 0.9404100000000001 0.5135466666666666 0.11918000000000001 0.3989333333333333
0 0.10196000000000001 0.3775333333333333 0.1264 0.21122666666666665
0 0.39775 0.6528133333333334 0.21574000000000002 0.5775199999999999
0 0.53835 0.4357866666666666 0.0719 0.16618666666666665
0 0.56111 0.47374666666666665 0.06618 0.18263999999999997
0 0.67459 0.7044933333333333 0.21126 0.5910133333333333
1 0.40115000000000006 0.7934000000000001 0.21122 0.19693333333333332
0 0.08122 0.4116666666666666 0.07787999999999999 0.17912
