0 0.61821 0.5671660649819494 0.23778000000000002 0.3752707581227437
0 0.25459 0.6955054151624549 0.40462000000000004 0.6045126353790613
0 0.72944 0.48281588447653434 0.17084000000000002 0.28765342960288814
0 0.81878 0.4555234657039711 0.15772 0.34231046931407944
0 0.39558 0.43471119133574004 0.18248 0.6093501805054151
0 0.9315400000000001 0.3664981949458484 0.13692 0.21949458483754514
0 0.62185 0.36178700361010835 0.05354 0.08090252707581227
0 0.67208 0.25043321299638993 0.0772 0.06404332129963898
2 0.56401 0.4022924187725632 0.06078 0.05079422382671481
2 0.5211100000000001 0.3743501805054152 0.03074 0.028194945848375452
2 0.10467 0.4315162454873646 0.02022 0.023537906137184116
0 0.05153 0.718592057761733 0.10306 0.5374729241877256
