2 0.0864921875 0.5557812499999999 0.162890625 0.11514583333333334
2 0.23885156250000003 0.5325624999999999 0.136921875 0.10766666666666666
2 0.3485234375 0.5265 0.088015625 0.06870833333333333
2 0.5221796875 0.5013645833333332 0.023640625000000002 0.04172916666666667
2 0.5391328125 0.5005729166666667 0.024046875000000002 0.03147916666666666
6 0.4472578125 0.4759583333333333 0.145046875 0.129125
6 0.6163125000000002 0.49428125 0.13621875000000003 0.20852083333333335
0 0.8945234375000001 0.5458854166666666 0.044484375 0.13764583333333333
0 0.8324375 0.5184375 0.026187500000000002 0.10283333333333333
0 0.8610312500000001 0.5209583333333333 0.028062500000000004 0.12066666666666667
0 0.7947109375 0.5109479166666666 0.016296875 0.06685416666666667
0 0.9414921875000002 0.52415625 0.028796875 0.1170625
0 0.9731328125000002 0.5099895833333333 0.015453125000000002 0.06635416666666667
0 0.7796953125 0.5154166666666666 0.016484375000000002 0.07966666666666666
0 0.7552890625000002 0.50059375 0.010859375000000001 0.043104166666666666
0 0.9170156250000002 0.5143854166666666 0.01621875 0.08547916666666666
0 0.81665625 0.5151354166666666 0.01721875 0.0878125
0 0.6875625000000001 0.4723125 0.01184375 0.061875
0 0.9092031250000002 0.4776666666666667 0.00646875 0.018041666666666668
0 0.806453125 0.5189375 0.01025 0.051958333333333336
