3 0.629046875 0.6613541666666667 0.030687500000000003 0.04645833333333334
4 0.9169453125000001 0.6433958333333333 0.166109375 0.3780833333333333
3 0.7983906250000001 0.6679270833333333 0.0365 0.05552083333333333
3 0.08446093750000001 0.882875 0.16217187500000002 0.20945833333333333
3 0.593578125 0.6600625000000001 0.04378125 0.05670833333333333
0 0.2800703125 0.6598749999999999 0.018796875 0.12145833333333332
0 0.5564375 0.6137395833333332 0.00834375 0.010520833333333333
0 0.2695234375 0.6734791666666666 0.055765625 0.12083333333333333
0 0.33575 0.6551041666666666 0.028749999999999998 0.13120833333333332
0 0.76075 0.6593854166666666 0.022750000000000003 0.09035416666666667
0 0.37914843750000005 0.63384375 0.019890625000000002 0.07322916666666666
0 0.7824609375 0.6485729166666666 0.020140625000000002 0.06710416666666667
0 0.35814062500000005 0.6386354166666666 0.02528125 0.11910416666666666
0 0.5882890625 0.6456875 0.030421875 0.059291666666666666
0 0.1826953125 0.6575104166666665 0.042390625 0.11077083333333333
0 0.6276875000000001 0.63653125 0.0169375 0.050187499999999996
6 0.027476562499999996 0.585125 0.054703125 0.2607083333333333
6 0.08617187500000001 0.5994583333333333 0.08128125000000001 0.14691666666666667
3 0.8377421875 0.6850833333333333 0.009828125 0.02666666666666667
0 0.32896875000000003 0.6256145833333333 0.0251875 0.0566875
6 0.21771875000000002 0.6187708333333333 0.06 0.051125
0 0.6831640625000001 0.6676979166666667 0.023578125000000002 0.09318749999999999
0 0.4859375 0.596875 0.49062500000000003 0.26875
