2 0.049921875000000004 0.5407882352941176 0.024031250000000004 0.03959999999999999
2 0.544578125 0.5038941176470588 0.0365 0.05851764705882353
0 0.7080859375 0.8067411764705882 0.19848437500000002 0.3640235294117647
0 0.5400390625 0.6446470588235295 0.054359375 0.12552941176470586
0 0.623796875 0.6583294117647058 0.10634375000000001 0.17712941176470587
0 0.508515625 0.730870588235294 0.11665625 0.21618823529411763
0 0.4020234375 0.7701058823529412 0.10132812499999999 0.34919999999999995
0 0.25637499999999996 0.7471529411764706 0.09943750000000001 0.2823529411764706
0 0.2159609375 0.6459882352941175 0.074453125 0.3035529411764705
0 0.628984375 0.5405294117647058 0.06421875 0.13094117647058823
0 0.034109375000000004 0.7048235294117646 0.06784375000000001 0.3684235294117647
0 0.17167187500000003 0.5933529411764705 0.06678125 0.16792941176470588
0 0.87521875 0.6808941176470588 0.1596875 0.22470588235294114
2 0.35483593750000003 0.5347529411764705 0.074890625 0.05929411764705882
0 0.28946875000000005 0.578270588235294 0.06609374999999999 0.15592941176470587
0 0.4930078125 0.5544941176470588 0.036015625 0.14277647058823528
0 0.47265625 0.48588235294117643 0.8015625000000001 0.7270588235294116
