0 0.6121953125 0.5843208430913349 0.278515625 0.541615925058548
0 0.2393515625 0.7339227166276346 0.278234375 0.39014051522248244
0 0.05834375000000001 0.6846018735362998 0.11668750000000001 0.38114754098360654
0 0.8741718749999999 0.19415690866510538 0.10525000000000001 0.16845433255269324
0 0.24963281250000002 0.2035128805620609 0.07945312500000001 0.28988290398126465
0 0.0854296875 0.2796018735362998 0.103078125 0.18594847775175646
0 0.44603906249999997 0.22996487119437936 0.097453125 0.16405152224824354
0 0.35388281250000003 0.25563231850117096 0.10067187500000002 0.1666744730679157
0 0.6893671875 0.12565573770491803 0.109015625 0.10405152224824356
0 0.7671718750000001 0.13797423887587823 0.09584375 0.2734192037470726
0 0.05011718750000001 0.20532786885245902 0.10023437500000001 0.3430210772833724
0 0.5105234375000001 0.22395784543325525 0.08089062500000001 0.16309133489461358
0 0.17416406250000002 0.2670140515222482 0.091890625 0.1800234192037471
