0 0.6859609375 0.3896495327102803 0.628078125 0.7369158878504671
0 0.08265625 0.7168574766355139 0.1623125 0.46740654205607474
0 0.038921875 0.43107476635514014 0.052625000000000005 0.1283644859813084
0 0.30131250000000004 0.8528037383177569 0.2990625 0.29439252336448596
0 0.13691406250000002 0.7258411214953271 0.12254687500000001 0.3591588785046729
0 0.237125 0.5977920560747663 0.07478125000000001 0.19464953271028038
0 0.3229921875 0.7680490654205606 0.10114062500000001 0.2980140186915888
0 0.32971875000000006 0.6473014018691589 0.08731250000000002 0.28997663551401864
0 0.452359375 0.8620677570093458 0.11759375000000001 0.27586448598130836
0 0.53634375 0.8875584112149532 0.12 0.22488317757009343
0 0.6424531250000001 0.8887616822429906 0.11871875000000001 0.19999999999999998
0 0.22090625000000005 0.5494392523364485 0.0330625 0.06518691588785046
0 0.386671875 0.8165887850467289 0.047875 0.12158878504672896
0 0.52890625 0.6810747663551401 0.8984375 0.6051401869158878
