2 0.8918281250000002 0.3998541666666667 0.07287500000000001 0.07170833333333333
2 0.7741093750000001 0.4063125 0.0338125 0.05395833333333333
2 0.7154453125 0.39676041666666667 0.049359375000000004 0.05935416666666666
0 0.33229687500000005 0.3406770833333333 0.033875 0.09743750000000001
0 0.37096093750000003 0.3464166666666666 0.025578125000000004 0.09004166666666666
0 0.26207812500000005 0.6146041666666666 0.13315625 0.13708333333333333
0 0.42299218750000006 0.38821875 0.048546875 0.12177083333333334
0 0.6244609375000001 0.3596770833333333 0.012828125000000003 0.06685416666666667
0 0.7393203125000001 0.3814166666666667 0.028859375 0.094625
0 0.8094843749999999 0.5036875 0.0546875 0.099375
0 0.8813671875000001 0.5214375 0.06360937500000001 0.06208333333333333
0 0.9424140625 0.5134375 0.038671875 0.09345833333333334
0 0.9552499999999999 0.4966354166666667 0.033 0.10764583333333333
0 0.1827265625 0.2422395833333333 0.036046875 0.05997916666666667
0 0.812109375 0.42453124999999997 0.022468750000000003 0.08314583333333332
0 0.7989843750000001 0.40356249999999994 0.011437500000000001 0.061375
0 0.46406250000000004 0.3260416666666667 0.9281250000000001 0.6520833333333333
