0 0.39329687500000005 0.5691875 0.013281250000000001 0.018593750000000003
0 0.6355468750000001 0.569484375 0.012781250000000001 0.025937500000000002
0 0.9315468750000001 0.5604453125000001 0.00925 0.023703125000000002
0 0.5990078125 0.5648828124999999 0.008734375 0.018203125
0 0.7068671875 0.5611953125 0.0044843750000000005 0.012359375
0 0.7162578125000001 0.5577265625 0.006015625 0.014203125
0 0.824890625 0.5603125 0.006 0.014531250000000002
0 0.8868593749999999 0.563078125 0.0051875 0.022625000000000003
0 0.8330312500000002 0.5610078125000001 0.0045 0.011296875000000001
0 0.45396875 0.5534453125 0.00653125 0.007390625000000001
0 0.9789765625 0.559203125 0.011390625000000001 0.0140625
0 0.8872734375000001 0.5506484375 0.014859375000000001 0.015640625000000002
0 0.708078125 0.5622656250000001 0.0034062500000000004 0.009375000000000001
