3 0.196171875 0.6913055555555556 0.1765 0.2866666666666667
3 0.025742187500000003 0.7888194444444445 0.050953125 0.2239722222222222
0 0.3309609375 0.5328055555555555 0.19882812500000002 0.9060555555555556
0 0.157828125 0.546375 0.08490625000000002 0.3061388888888889
0 0.2205078125 0.4598055555555556 0.040296875 0.2207222222222222
0 0.68996875 0.5060694444444445 0.02634375 0.10558333333333333
0 0.7208046875 0.5580416666666668 0.038265625 0.21108333333333332
0 0.7807578125000001 0.5784583333333334 0.042359375000000005 0.17252777777777778
0 0.9579375000000001 0.5433611111111111 0.05059375000000001 0.29483333333333334
6 0.9091875 0.51675 0.181625 0.3171666666666667
0 0.8268906249999999 0.5283611111111111 0.02321875 0.10788888888888891
0 0.7525859375000001 0.5477361111111111 0.036046875 0.19230555555555556
0 0.07765625000000001 0.5630833333333334 0.1201875 0.6335555555555556
0 0.6772812500000001 0.5605 0.0679375 0.2535
