0 0.607515625 0.3631354166666666 0.35087500000000005 0.6376875
0 0.8673984375 0.5 0.265203125 0.42116666666666663
0 0.8424453125 0.20259375000000002 0.16176562500000002 0.3396458333333333
0 0.9117656250000001 0.16834375000000001 0.08731250000000002 0.28372916666666664
0 0.23596093750000002 0.46291666666666664 0.36404687500000005 0.507875
0 0.644765625 0.07491666666666667 0.05940625000000001 0.114625
0 0.7028359375000001 0.17095833333333332 0.137140625 0.24145833333333333
0 0.5410234375 0.030406249999999996 0.043140625 0.0464375
0 0.027312500000000003 0.0893125 0.05462500000000001 0.13758333333333334
0 0.768875 0.09235416666666667 0.08712500000000001 0.15437499999999998
