0 0.510109375 0.6167529411764705 0.16665625 0.41496470588235296
0 0.5975390625 0.6105647058823529 0.056984375000000004 0.32395294117647055
0 0.7946015625 0.7077764705882352 0.15851562500000002 0.2564941176470588
0 0.7080859375 0.5595529411764706 0.061171875 0.09439999999999998
0 0.918953125 0.6741176470588235 0.16209375 0.3329411764705882
0 0.5444687500000001 0.509164705882353 0.5214375000000001 0.17672941176470586
0 0.16112500000000002 0.5114117647058823 0.0289375 0.07609411764705883
0 0.3751328125 0.5713294117647059 0.035640625 0.051694117647058814
0 0.30950781250000003 0.5243411764705882 0.041078125 0.07917647058823528
0 0.41016406250000004 0.5234 0.043453125 0.08750588235294117
0 0.4255078125 0.5701764705882352 0.034640625 0.04637647058823529
0 0.2490234375 0.557435294117647 0.052359375 0.07656470588235294
0 0.4420234375 0.1950235294117647 0.046078125 0.13630588235294117
0 0.49921875000000004 0.30588235294117644 0.9984375000000001 0.6117647058823529
