0 0.45580645161290323 0.6825234375 0.7512158808933003 0.39542187500000003
0 0.050955334987593054 0.2755859375 0.10191066997518611 0.071734375
0 0.6233250620347395 0.37017187500000004 0.11786600496277916 0.18440625
0 0.8749627791563276 0.3724921875 0.11657568238213399 0.168703125
0 0.07045905707196029 0.35292968750000003 0.14091811414392058 0.166546875
0 0.16617866004962778 0.34268750000000003 0.12883374689826302 0.20546875
0 0.7512282878411911 0.3606796875 0.13918114143920596 0.18651562500000002
0 0.0813771712158809 0.49311718750000005 0.12771712158808932 0.133328125
0 0.24352357320099255 0.5053906250000001 0.1844665012406948 0.14778125
0 0.30398263027295286 0.42100000000000004 0.15 0.10321875000000001
0 0.3480397022332506 0.350265625 0.05478908188585607 0.078625
0 0.24464019851116625 0.3725078125000001 0.10109181141439207 0.11107812500000001
0 0.3051116625310174 0.31507031250000006 0.06813895781637717 0.11139062500000002
0 0.5794292803970224 0.29192187500000005 0.049776674937965254 0.05915625
0 0.5 0.34140625 0.9950372208436724 0.46406250000000004
