2 0.9057656250000001 0.5522365339578454 0.18846875000000002 0.38559718969555035
0 0.362015625 0.6471311475409836 0.68215625 0.679367681498829
0 0.0142109375 0.6894613583138173 0.025421875 0.5986416861826698
0 0.6589453125 0.3877166276346604 0.145734375 0.30348946135831384
0 0.0854609375 0.5089929742388758 0.15592187500000002 0.5011241217798594
0 0.0357578125 0.7469906323185012 0.065078125 0.32634660421545664
0 0.18103125 0.2801288056206089 0.11709375 0.15121779859484777
0 0.019015625 0.3435714285714286 0.0345625 0.10620608899297425
0 0.9185234375000001 0.3732786885245901 0.067171875 0.09447306791569088
0 0.96859375 0.328864168618267 0.0383125 0.06601873536299765
