0 0.09742 0.27035928143712573 0.044520000000000004 0.174311377245509
0 0.20405 0.11425149700598802 0.07773999999999999 0.1264071856287425
0 0.64773 0.09550898203592814 0.04654 0.04718562874251497
0 0.03713 0.3850149700598803 0.06306 0.16649700598802397
0 0.77967 0.08982035928143713 0.03358 0.062275449101796415
0 0.50686 0.1048802395209581 0.039880000000000006 0.042095808383233534
0 0.5740400000000001 0.10082335329341319 0.0364 0.04344311377245509
0 0.46096 0.06854790419161677 0.03704 0.09494011976047904
0 0.86245 0.0927994011976048 0.03546 0.048353293413173654
0 0.9270400000000001 0.08699101796407185 0.030920000000000003 0.048473053892215574
0 0.9549799999999999 0.0843562874251497 0.02284 0.05511976047904192
0 0.20996 0.08758982035928145 0.05976 0.11547904191616767
0 0.48644 0.4687125748502995 0.055 0.23305389221556888
0 0.673 0.27395209580838326 0.65 0.5479041916167665
