2 0.89128125 0.33601307189542484 0.2174375 0.15416122004357302
2 0.696875 0.2897058823529412 0.19 0.0784967320261438
0 0.5443515625 0.2794989106753813 0.13417187500000002 0.34653594771241836
0 0.7843359375000001 0.28025054466230936 0.023171875 0.07248366013071897
0 0.741609375 0.30201525054466233 0.0730625 0.1640740740740741
0 0.8455703125000001 0.31111111111111117 0.06551562500000001 0.13333333333333336
0 0.6298671875 0.2311546840958606 0.032671875 0.04300653594771242
0 0.385359375 0.29126361655773425 0.01953125 0.03986928104575164
0 0.40882031250000006 0.28595860566448805 0.010296875 0.022505446623093683
0 0.4346640625 0.2854248366013072 0.008515625 0.013899782135076253
0 0.6649218750000001 0.26171023965141615 0.08325 0.09657952069716776
