0 0.5956171875 0.7351041666666667 0.013078125 0.050208333333333334
0 0.6182734375000001 0.71940625 0.012921875 0.029520833333333333
0 0.5001640625 0.7210104166666667 0.015640625000000002 0.01872916666666667
6 0.40849218750000005 0.6101666666666666 0.08435937500000001 0.04825
6 0.5300859375 0.8520625000000001 0.20620312500000001 0.10925
2 0.6244453125 0.6693125 0.046328125 0.02745833333333333
6 0.5313203125 0.7375 0.043671875 0.04125
6 0.6123359375 0.7376770833333333 0.062734375 0.04127083333333333
2 0.6127187500000001 0.7395104166666666 0.06693750000000001 0.0411875
6 0.490921875 0.7487916666666665 0.06425 0.04645833333333334
0 0.6248671875 0.61103125 0.005953125 0.013520833333333334
0 0.332359375 0.5690625 0.0054062500000000005 0.025958333333333333
0 0.6425859375 0.6126562500000001 0.006640625000000001 0.012395833333333333
0 0.9575078125000002 0.6368854166666666 0.007390625000000001 0.017270833333333332
