0 0.9812734375000001 0.45730679156908666 0.037453125 0.2224824355971897
0 0.424890625 0.6042857142857142 0.23584375000000002 0.5752693208430913
0 0.567484375 0.633711943793911 0.13343750000000001 0.5348243559718969
0 0.812796875 0.46462529274004677 0.10328124999999999 0.2385245901639344
0 0.9629921874999999 0.6782435597189695 0.069234375 0.21531615925058548
0 0.9210859375 0.5254683840749415 0.083578125 0.11838407494145198
0 0.50334375 0.45291569086651057 0.06756250000000001 0.17430913348946137
0 0.1296171875 0.49459016393442623 0.091921875 0.2529274004683841
0 0.22117187500000002 0.5892154566744731 0.09265625 0.4181967213114754
0 0.06707031249999999 0.5107142857142857 0.077390625 0.2610070257611241
0 0.8351250000000001 0.7642505854800936 0.11878125 0.15398126463700235
0 0.0219453125 0.49276346604215454 0.043890625 0.24182669789227168
0 0.912984375 0.4536182669789227 0.107625 0.21398126463700234
