2 0.08435000000000001 0.7829124999999999 0.1663 0.126725
2 0.14154999999999998 0.7452999999999999 0.04718 0.0364
6 0.91827 0.7008875000000001 0.16346000000000002 0.30252500000000004
0 0.33377 0.7799375 0.03778 0.191325
0 0.38122 0.7811999999999999 0.03716 0.19415
0 0.44957 0.7764 0.04218 0.17325
0 0.48910000000000003 0.7663625 0.0376 0.18232500000000001
0 0.6340999999999999 0.759325 0.039119999999999995 0.15625
0 0.5273199999999999 0.7632000000000001 0.0268 0.16870000000000002
0 0.7499499999999999 0.7447125 0.04358 0.155025
0 0.7944699999999999 0.736075 0.05382 0.1688
0 0.23259 0.7985249999999999 0.03778 0.1954
0 0.30002000000000006 0.7924625000000001 0.029840000000000002 0.187975
2 0.9822900000000001 0.8263375000000001 0.03542 0.10527500000000001
2 0.02855 0.7212875000000001 0.055979999999999995 0.023325000000000002
0 0.40336 0.7776500000000001 0.03372 0.1746
0 0.2707 0.7985125000000001 0.0492 0.202075
0 0.61173 0.713125 0.013900000000000001 0.025550000000000003
0 0.52 0.76625 0.736 0.2475
