0 0.49859375000000006 0.5247189695550352 0.33718750000000003 0.667423887587822
0 0.8405781250000001 0.6210772833723653 0.284 0.47475409836065574
0 0.6304531250000001 0.4614285714285714 0.07646875 0.20899297423887586
0 0.6473203125000001 0.3262060889929742 0.091734375 0.23686182669789227
0 0.7602812500000001 0.3805152224824356 0.09212500000000001 0.2729274004683841
0 0.3448828125 0.36395784543325527 0.125609375 0.33152224824355975
0 0.42386718749999996 0.38275175644028103 0.07995312500000001 0.2810538641686183
0 0.8013750000000001 0.08088992974238876 0.07646875 0.08988290398126464
0 0.04884375 0.34418032786885244 0.0903125 0.27772833723653395
0 0.5665859375000001 0.2770023419203747 0.058640625 0.09039812646370024
0 0.574390625 0.4809953161592506 0.03703125 0.07679156908665105
0 0.310109375 0.05411007025761124 0.09884375000000001 0.10194379391100702
0 0.8726953125 0.09428571428571428 0.062890625 0.07882903981264636
0 0.54921875 0.2576112412177986 0.8984375 0.468384074941452
