2 0.197546875 0.2518762677484787 0.10096875000000001 0.03393509127789047
2 0.43921093750000006 0.248762677484787 0.043671875 0.022677484787018254
2 0.11390625000000001 0.259604462474645 0.08890625 0.04127789046653144
0 0.6491406249999999 0.4808924949290061 0.47084375 0.7820283975659229
0 0.1192734375 0.2360547667342799 0.023546875000000002 0.05855983772819473
0 0.525078125 0.24053752535496956 0.00984375 0.038559837728194726
0 0.5454921875000001 0.24495943204868154 0.016453125 0.03288032454361055
0 0.7902578125 0.21035496957403652 0.028515625000000003 0.049959432048681536
0 0.8328046875 0.23955375253549693 0.015765625000000002 0.04519269776876268
0 0.8528125 0.2455882352941176 0.0318125 0.06557809330628803
0 0.8697187500000001 0.25991886409736303 0.02659375 0.08129817444219066
2 0.25928125 0.2502028397565923 0.045000000000000005 0.019229208924949292
2 0.31530468750000007 0.24827586206896549 0.063328125 0.026328600405679515
2 0.405859375 0.25116632860040566 0.05428125 0.02586206896551724
2 0.4718359375000001 0.24837728194726166 0.057921875000000005 0.025922920892494927
2 0.01128125 0.25175456389452333 0.0225625 0.0454158215010142
