0 0.5 0.6078671875 1.0 0.761796875
0 0.08236979166666666 0.3376328125 0.16473958333333333 0.20082812500000002
0 0.2618489583333333 0.271046875 0.07526041666666666 0.036125000000000004
0 0.8604947916666666 0.35132031250000006 0.05005208333333333 0.08139062500000001
0 0.7948046874999999 0.430125 0.10059895833333334 0.0621875
0 0.3770963541666666 0.22268750000000004 0.06533854166666667 0.03175
0 0.8431770833333332 0.296640625 0.05052083333333333 0.0533125
0 0.24046875 0.324046875 0.0515625 0.05078125
0 0.2705989583333333 0.42940625 0.13333333333333333 0.1670625
0 0.833125 0.49203906249999996 0.058802083333333324 0.062359374999999995
0 0.7417057291666667 0.32384375000000004 0.025963541666666666 0.039125
0 0.9369791666666667 0.26259375 0.02802083333333333 0.025687500000000002
0 0.9062369791666667 0.46768750000000003 0.05002604166666667 0.03290625
0 0.49869791666666663 0.31875000000000003 0.9973958333333333 0.634375
