2 0.041269999999999994 0.2601733333333333 0.048659999999999995 0.023493333333333335
0 0.56056 0.6816133333333333 0.186 0.3131466666666667
0 0.40137 0.6308 0.11298000000000001 0.3482133333333334
0 0.07077 0.48412000000000005 0.07966 0.1868
0 0.40478 0.4150666666666667 0.06044 0.10287999999999999
0 0.39544000000000007 0.22411999999999999 0.01544 0.06381333333333333
0 0.5744 0.2130133333333333 0.01276 0.06010666666666666
0 0.32510000000000006 0.23782666666666666 0.01236 0.021893333333333334
0 0.74611 0.21353333333333332 0.01182 0.041306666666666665
0 0.25261 0.24983999999999998 0.01614 0.02816
0 0.9037999999999999 0.29338666666666663 0.03776 0.11424000000000001
0 0.8103400000000001 0.25998666666666664 0.01564 0.024826666666666667
0 0.68777 0.2572133333333333 0.01362 0.035866666666666665
0 0.7343999999999999 0.21395999999999998 0.01476 0.03592
