1 0.9436588235294117 0.8395859375000001 0.10910588235294116 0.213890625
1 0.6605764705882352 0.7508671875 0.05908235294117646 0.156984375
0 0.9052941176470587 0.7229765625 0.18941176470588234 0.389640625
0 0.6674588235294118 0.6657031250000001 0.16108235294117645 0.29275
0 0.828870588235294 0.6947031250000001 0.14150588235294118 0.31009375000000006
0 0.6463176470588234 0.5255859375 0.02750588235294117 0.043265625
0 0.7172823529411765 0.532515625 0.030752941176470587 0.05996875000000001
0 0.6280117647058823 0.5243515625 0.033341176470588235 0.051515625
0 0.6633529411764706 0.5136875 0.016070588235294118 0.025781250000000002
0 0.594635294117647 0.5264140625000001 0.029129411764705883 0.030984374999999998
0 0.6895764705882352 0.5116796875 0.03590588235294117 0.033609375000000004
1 0.8140352941176471 0.76915625 0.10614117647058822 0.20218750000000002
