0 0.2686484375 0.823479262672811 0.08907812500000001 0.3126728110599078
0 0.3818984375 0.8005529953917051 0.11289062500000001 0.18433179723502305
0 0.5040078125 0.5780645161290322 0.061515625 0.16940092165898615
0 0.4002890625 0.62 0.064234375 0.11668202764976959
0 0.34234375 0.5882834101382488 0.08962500000000001 0.13214285714285715
0 0.55625 0.492315668202765 0.0568125 0.11688940092165898
0 0.503515625 0.45631336405529954 0.04781250000000001 0.0915668202764977
0 0.22200000000000003 0.6990092165898618 0.03584375 0.07838709677419356
0 0.4172265625 0.5383410138248849 0.08642187500000001 0.14700460829493087
0 0.5885078125 0.5780299539170507 0.063734375 0.2173963133640553
0 0.45209375000000007 0.6697580645161291 0.07237500000000001 0.140852534562212
0 0.41019531249999996 0.4350230414746544 0.057421875000000004 0.06847926267281106
0 0.45740625 0.4452419354838709 0.05425 0.09292626728110599
0 0.46406250000000004 0.4400921658986175 0.45937500000000003 0.6359447004608295
