0 0.33284375 0.6280913348946136 0.33584375 0.6449414519906322
0 0.6733515625000002 0.33850117096018734 0.07782812500000001 0.14407494145199065
0 0.59875 0.3394028103044497 0.07165625 0.13988290398126463
0 0.5297734375 0.3420257611241218 0.065953125 0.13004683840749415
0 0.3962421875 0.22517564402810306 0.10226562500000001 0.20276346604215456
0 0.2662109375 0.28701405152224824 0.054015625000000005 0.1337470725995316
0 0.24187499999999998 0.1780913348946136 0.079625 0.16334894613583137
0 0.7437187500000001 0.07451990632318502 0.05078125 0.13761124121779858
0 0.8569062500000002 0.2715339578454332 0.05178125 0.2782903981264637
0 0.8883203125 0.3016276346604216 0.064453125 0.22007025761124122
0 0.1622890625 0.228384074941452 0.052734375 0.1624824355971897
0 0.48992187499999995 0.26051522248243564 0.06159375 0.15292740046838407
0 0.334953125 0.261615925058548 0.081625 0.1685714285714286
0 0.5 0.21194379391100704 0.9968750000000001 0.4238875878220141
