2 0.0913125 0.44193236714975836 0.1361875 0.15618357487922704
2 0.9020390625000001 0.5752657004830918 0.19592187500000002 0.29033816425120773
4 0.0763203125 0.3314613526570048 0.149734375 0.2584299516908212
0 0.831953125 0.37163043478260865 0.0156875 0.04292270531400966
0 0.8715859375000001 0.4013768115942029 0.015578125000000002 0.08120772946859903
0 0.766375 0.3968599033816425 0.023875 0.09565217391304348
0 0.7452265625000001 0.397451690821256 0.017140625000000003 0.09166666666666667
0 0.9675234375000001 0.38536231884057975 0.021765625 0.0911111111111111
0 0.9455781250000002 0.3920289855072464 0.0479375 0.09231884057971014
0 0.833703125 0.41603864734299517 0.01071875 0.05009661835748792
6 0.506140625 0.49603864734299513 0.778375 0.6425603864734298
0 0.8553125 0.39943236714975844 0.026187500000000002 0.08417874396135265
0 0.2256875 0.4380193236714976 0.016625 0.020917874396135266
0 0.8229531250000002 0.39954106280193236 0.0140625 0.0929951690821256
0 0.843609375 0.40503623188405796 0.009875000000000002 0.09355072463768115
0 0.1670625 0.38454106280193234 0.022218750000000002 0.05285024154589372
3 0.1269140625 0.4836594202898551 0.041984375000000004 0.10910628019323672
0 0.9843046875000001 0.3959661835748792 0.016234375000000002 0.043285024154589374
0 0.53125 0.3272946859903382 0.9343750000000001 0.19082125603864733
