3 0.529046875 0.5020725995316159 0.19284375 0.4378688524590164
0 0.11842187500000001 0.6226112412177986 0.033625 0.12330210772833723
0 0.7732578125 0.6599531615925058 0.030921875 0.1420608899297424
0 0.9518359375 0.6725292740046839 0.043078125 0.17508196721311475
0 0.6299765625 0.6541451990632319 0.024421875000000003 0.12042154566744731
0 0.3659140625 0.6391451990632319 0.032546874999999996 0.11964871194379392
0 0.33359375 0.6292154566744731 0.04046875 0.130327868852459
0 0.226375 0.6326229508196721 0.03725 0.13311475409836065
0 0.532421875 0.36834894613583147 0.17981250000000001 0.4233489461358314
0 0.26803906250000004 0.6270140515222483 0.043921875 0.11744730679156909
0 0.9205703125 0.6651639344262295 0.032984375 0.17079625292740047
0 0.3151171875 0.6572248243559718 0.015734375000000002 0.053653395784543326
0 0.4036484375 0.6437470725995316 0.030203124999999997 0.12519906323185012
3 0.9764375 0.6712177985948478 0.023781250000000004 0.06992974238875878
