0 0.2076796875 0.691002358490566 0.299234375 0.5910141509433963
0 0.4878984375 0.7376179245283019 0.100828125 0.4994339622641509
0 0.7239921875 0.7448231132075471 0.080015625 0.421438679245283
0 0.837109375 0.5443514150943396 0.030156250000000002 0.07441037735849057
0 0.5521953125000001 0.4996816037735849 0.009484375000000001 0.040966981132075475
0 0.44085937500000005 0.4991155660377358 0.01128125 0.030212264150943396
0 0.40494531250000004 0.7438207547169811 0.10123437500000002 0.507877358490566
0 0.29015625 0.5226415094339623 0.017125 0.08108490566037736
0 0.2794296875 0.5092099056603774 0.010515625 0.056957547169811315
0 0.115609375 0.493125 0.0131875 0.03813679245283019
0 0.5558125 0.7488679245283019 0.05521875000000001 0.4008962264150943
0 0.62821875 0.6863443396226414 0.057843750000000006 0.28103773584905656
0 0.8068984375 0.6744929245283019 0.088234375 0.35115566037735846
0 0.39375000000000004 0.7323113207547169 0.7875000000000001 0.5306603773584906
