0 0.7081796875 0.6591666666666666 0.165203125 0.5824583333333333
0 0.62825 0.61765625 0.11499999999999999 0.3895208333333333
0 0.31520312500000003 0.71121875 0.20237500000000003 0.21497916666666667
0 0.180828125 0.4156458333333333 0.03075 0.11387499999999999
0 0.30307031250000005 0.44615625 0.030015625000000004 0.09293749999999999
0 0.3620234375 0.4603854166666666 0.026515625 0.0793125
0 0.38798437500000005 0.4584270833333333 0.028781250000000005 0.09014583333333334
0 0.42702343749999994 0.4706666666666667 0.016296875 0.06791666666666667
0 0.0259296875 0.5745520833333334 0.051859375 0.4493958333333333
0 0.399859375 0.46064583333333337 0.022093750000000002 0.09541666666666666
0 0.43933593750000005 0.4833958333333333 0.012140625 0.0375
0 0.8556484375000001 0.5492083333333333 0.07101562500000001 0.2825416666666667
0 0.456734375 0.4708125 0.025812500000000002 0.07208333333333333
0 0.7054687500000001 0.49374999999999997 0.4703125 0.14583333333333334
