0 0.3581484375000001 0.87190625 0.21067187500000004 0.2561875
0 0.514046875 0.7112291666666666 0.18203125 0.4696666666666667
0 0.8179453125 0.5700000000000001 0.28764062500000004 0.37174999999999997
0 0.7381015625 0.39658333333333334 0.10914062499999999 0.12929166666666667
0 0.335578125 0.45017708333333334 0.151875 0.2526875
0 0.7087734375 0.2583854166666667 0.07332812500000001 0.08860416666666666
0 0.5028046875000001 0.26237499999999997 0.033890625 0.049041666666666664
0 0.084703125 0.5797708333333333 0.168 0.716
0 0.43443750000000003 0.26810416666666664 0.061875000000000006 0.074875
0 0.3301015625 0.6588229166666667 0.23217187500000003 0.3440625
0 0.618515625 0.42222916666666666 0.07778125000000001 0.11358333333333334
0 0.1387890625 0.39903125 0.07810937500000001 0.09418750000000001
0 0.12559375 0.27789583333333334 0.045312500000000006 0.113375
0 0.49921875000000004 0.5427083333333333 0.9984375000000001 0.9104166666666667
