0 0.58196 0.9393093093093093 0.03744 0.12090090090090089
0 0.67123 0.9403603603603603 0.039700000000000006 0.1187987987987988
0 0.60194 0.3794144144144144 0.4738 0.7494594594594595
0 0.23172 0.8386786786786787 0.030440000000000002 0.061861861861861864
0 0.20352 0.8880180180180179 0.03504 0.1181981981981982
0 0.90114 0.9708258258258259 0.010920000000000001 0.03714714714714715
6 0.9524900000000001 0.9585585585585585 0.07854000000000001 0.0548948948948949
0 0.98856 0.945855855855856 0.01056 0.03111111111111111
0 0.92027 0.9617567567567568 0.00982 0.04087087087087087
0 0.16287000000000001 0.88990990990991 0.02822 0.12372372372372373
