0 0.96034375 0.7750702576112413 0.05556250000000001 0.16611241217798597
0 0.6106171875 0.7875409836065573 0.045890625000000004 0.1356440281030445
0 0.9047578125 0.5193911007025761 0.007953125 0.03789227166276347
0 0.3373593750000001 0.7425995316159252 0.019875000000000004 0.12814988290398127
0 0.5285078125 0.7370843091334895 0.043484375 0.12583138173302108
0 0.38793750000000005 0.7449648711943793 0.023531250000000004 0.11597189695550351
0 0.4207578125 0.7614754098360657 0.036765625 0.1340046838407494
0 0.6215937500000001 0.7025878220140516 0.03371875 0.0724824355971897
0 0.878515625 0.6811241217798596 0.033031250000000005 0.08594847775175644
0 0.7383437500000001 0.5481381733021078 0.008968750000000001 0.03482435597189695
0 0.9061484375000002 0.6834309133489462 0.022109375 0.10498829039812646
0 0.827234375 0.6810889929742389 0.025468750000000002 0.09889929742388757
0 0.79915625 0.6861124121779859 0.031125000000000003 0.10046838407494145
0 0.478125 0.6662763466042154 0.9281250000000001 0.3957845433255269
