0 0.536765625 0.6881051344743276 0.0325 0.1584596577017115
0 0.7803359375000001 0.6893887530562347 0.036296875 0.16621026894865526
0 0.2838515625 0.6901100244498778 0.024546875000000003 0.14202933985330074
0 0.363328125 0.6881662591687041 0.025562500000000002 0.1387286063569682
0 0.4787265625 0.6865647921760392 0.030171875 0.1656479217603912
0 0.2657421875 0.6878239608801956 0.020109375 0.1483129584352078
0 0.8477890625000001 0.6853300733496333 0.042546875000000005 0.1752078239608802
0 0.4059921875 0.6837408312958435 0.019390625 0.13422982885085574
0 0.43324999999999997 0.6776894865525672 0.03365625 0.14388753056234718
0 0.2764453125 0.6887652811735943 0.145046875 0.15953545232273839
4 0.521703125 0.5639608801955991 0.860375 0.2902689486552567
0 0.5643203125 0.6871882640586797 0.028734375000000003 0.1432762836185819
0 0.6905390625000001 0.6929951100244499 0.028984375000000003 0.15464547677261614
6 0.12433593750000001 0.66239608801956 0.078390625 0.14322738386308068
0 0.066140625 0.680721271393643 0.0344375 0.14403422982885083
0 0.49921875000000004 0.6919315403422983 0.9984375000000001 0.20537897310513448
