2 0.0976015625 0.7951871101871103 0.16348437500000002 0.07482328482328483
2 0.4204375000000001 0.8022141372141373 0.20809375000000002 0.09336798336798337
0 0.6141796875000001 0.78497920997921 0.026890625 0.05831600831600832
0 0.6366171875000001 0.8536798336798337 0.06451562500000001 0.18586278586278587
0 0.7325390625000001 0.8300935550935551 0.055765625 0.19166320166320167
0 0.7862656250000001 0.8347089397089398 0.0499375 0.18833679833679837
2 0.467015625 0.7737837837837839 0.026781250000000003 0.019501039501039503
2 0.246046875 0.7804781704781705 0.057499999999999996 0.05027027027027027
4 0.7452890625 0.7646777546777546 0.366015625 0.18386694386694388
0 0.8638515625000001 0.8031704781704782 0.049890625 0.16172557172557175
0 0.6728203125000001 0.8601351351351352 0.043171875 0.18521829521829525
0 0.577171875 0.8446465696465698 0.055875 0.20833679833679833
0 0.911359375 0.8007380457380459 0.031 0.11062370062370064
0 0.9484296875 0.7998128898128899 0.04195312500000001 0.1441164241164241
0 0.9798046874999999 0.7975259875259876 0.039234375 0.147983367983368
0 0.3876640625 0.811975051975052 0.037828125000000004 0.15101871101871103
0 0.1603359375 0.823856548856549 0.028765625000000003 0.1381912681912682
2 0.18114843749999998 0.7791164241164241 0.027703125000000002 0.0462993762993763
0 0.20868750000000003 0.8245841995841996 0.0336875 0.12634095634095635
0 0.4375 0.8014553014553015 0.815625 0.17255717255717257
