0 0.132515625 0.4328454332552693 0.04609375 0.1796487119437939
0 0.3702265625000001 0.535831381733021 0.058953124999999995 0.12955503512880562
0 0.6017968750000001 0.596943793911007 0.0474375 0.2240983606557377
0 0.28082031250000006 0.3654332552693208 0.031296875 0.15320843091334896
0 0.18969531250000002 0.4018149882903982 0.041859375000000004 0.14456674473067915
0 0.2261328125 0.21162763466042156 0.028359375 0.1499063231850117
0 0.35965625 0.17860655737704917 0.03890625 0.1372599531615925
0 0.0820078125 0.21333723653395784 0.031078125 0.06943793911007025
0 0.08581250000000001 0.3742037470725995 0.048 0.12400468384074942
0 0.210125 0.07941451990632317 0.025124999999999998 0.08266978922716627
0 0.04540625000000001 0.07511709601873537 0.0248125 0.09398126463700235
0 0.1683046875 0.06514051522248243 0.021359375 0.058103044496487115
0 0.171203125 0.10991803278688525 0.02634375 0.09281030444964872
0 0.1234375 0.22950819672131148 0.246875 0.4496487119437939
