0 0.4172968750000001 0.48370023419203745 0.0128125 0.017892271662763467
0 0.44825000000000004 0.4868969555035128 0.01603125 0.019976580796252925
0 0.43457812500000004 0.48373536299765807 0.01421875 0.018899297423887587
0 0.479515625 0.48303278688524587 0.007656250000000001 0.018149882903981264
0 0.8842109375 0.5168735362997658 0.029984375000000004 0.024566744730679158
0 0.9315312499999999 0.5198360655737705 0.02434375 0.021498829039812647
0 0.9648359375000001 0.5185480093676814 0.020453125000000003 0.023044496487119436
0 0.99046875 0.5161709601873536 0.0190625 0.025362997658079624
0 0.179078125 0.4454918032786886 0.00940625 0.017213114754098358
0 0.46762500000000007 0.48302107728337235 0.01709375 0.02009367681498829
0 0.3833515625 0.48468384074941456 0.017390625000000003 0.02074941451990632
0 0.834390625 0.5177283372365339 0.02128125 0.02056206088992974
0 0.402046875 0.4843559718969555 0.014406250000000002 0.016065573770491805
0 0.48515625 0.4882903981264637 0.8671875 0.09601873536299765
