2 0.9354697286012525 0.9465859375000001 0.12906054279749476 0.093296875
2 0.8194050104384133 0.90925 0.04874739039665971 0.027812500000000004
2 0.7632463465553234 0.8910390625000002 0.022818371607515656 0.025609375000000004
2 0.9744154488517744 0.9101328125000001 0.051169102296450934 0.029765625000000004
0 0.5903131524008352 0.9130546875000001 0.04296450939457202 0.084609375
0 0.6436116910229644 0.9052031250000001 0.016701461377870562 0.039281250000000004
0 0.2664091858037578 0.8849609375 0.02308977035490605 0.022453125
0 0.6141858037578287 0.9070390625 0.017014613778705636 0.035984375000000006
2 0.8989248434237994 0.9017187500000001 0.0420250521920668 0.019218750000000003
2 0.9850939457202504 0.9002968750000001 0.02981210855949895 0.01978125
0 0.6805845511482254 0.9030546875000001 0.007473903966597076 0.026203125
2 0.9200313152400834 0.8963125000000001 0.02089770354906054 0.01178125
2 0.8527557411273485 0.8947734375 0.015991649269311063 0.012609375
