3 0.40923887587822017 0.8494375000000001 0.46817330210772834 0.27865625
3 0.5384309133489461 0.65765625 0.21943793911007026 0.28603125
3 0.43352459016393446 0.515921875 0.10081967213114754 0.13228125
3 0.47674473067915696 0.18325000000000002 0.2026697892271663 0.10725000000000001
3 0.8385011709601873 0.5595546875 0.32299765807962527 0.332578125
0 0.5516861826697892 0.58153125 0.29433255269320846 0.31421875
0 0.4818501170960187 0.140765625 0.19756440281030443 0.28153125
0 0.41073770491803274 0.267546875 0.23988290398126466 0.14175000000000001
0 0.8958665105386416 0.4419296875 0.20826697892271664 0.264703125
3 0.8913466042154565 0.294546875 0.21730679156908667 0.1726875
3 0.4361241217798595 0.39963281250000005 0.2814285714285714 0.259546875
3 0.5183372365339579 0.0547109375 0.14505854800936768 0.109421875
0 0.4321779859484778 0.7185937500000001 0.3507728337236534 0.19446875
0 0.9142388758782202 0.2493515625 0.17152224824355972 0.22826562500000003
