3 0.8723992322456813 0.7527936507936508 0.11236084452975048 0.09422222222222222
3 0.7828119001919385 0.7488571428571428 0.08351247600767754 0.08736507936507937
0 0.7461324376199616 0.7091269841269842 0.02581573896353167 0.11742857142857144
0 0.77447216890595 0.7062222222222222 0.028368522072936657 0.12171428571428572
0 0.8214491362763916 0.6708571428571429 0.03264875239923225 0.07473015873015873
0 0.8761228406909788 0.7168095238095238 0.046372360844529746 0.11152380952380953
0 0.22825335892514395 0.6899682539682539 0.029635316698656426 0.1373968253968254
0 0.7935028790786949 0.7013809523809524 0.01817658349328215 0.09380952380952381
2 0.19206333973128598 0.6823968253968253 0.07410748560460652 0.11907936507936508
3 0.7195585412667946 0.7414126984126984 0.05942418426103647 0.0800952380952381
6 0.19303262955854125 0.6843333333333333 0.07708253358925143 0.12853968253968254
