0 0.1657734375 0.5305236907730674 0.306265625 0.908079800498753
0 0.32803125 0.5732917705735661 0.23700000000000002 0.8534164588528679
0 0.44802343750000007 0.3446882793017456 0.091234375 0.20758104738154612
0 0.059515624999999996 0.05361596009975062 0.0861875 0.09840399002493766
0 0.034789062499999995 0.23527431421446382 0.06704687499999999 0.37882793017456357
0 0.29384375 0.12701995012468825 0.09509375 0.16760598503740645
0 0.340546875 0.11466334164588529 0.07721875 0.14573566084788028
0 0.6403906250000001 0.5311720698254364 0.24900000000000003 0.6259850374064838
0 0.5665 0.6735785536159601 0.13959375000000002 0.4870573566084788
0 0.0574140625 0.6450124688279301 0.114828125 0.27441396508728183
0 0.7896171875000001 0.395997506234414 0.07960937500000001 0.2857107231920199
