0 0.4764520958083832 0.37522000000000005 0.4594311377245509 0.34396
0 0.5802994011976048 0.521 0.16491017964071858 0.26008
0 0.7974101796407186 0.45668000000000003 0.09296407185628744 0.135
0 0.93 0.46848 0.07 0.10056000000000001
0 0.7085479041916168 0.54716 0.12404191616766468 0.22804
0 0.03956586826347305 0.52879 0.07212574850299401 0.15098
0 0.974056886227545 0.45532 0.05188622754491018 0.12712
0 0.8634730538922155 0.44801 0.10646706586826349 0.14762
0 0.7551497005988025 0.42669 0.07335329341317366 0.06858
0 0.290059880239521 0.55861 0.07856287425149701 0.061220000000000004
0 0.33248502994011975 0.53734 0.020838323353293414 0.02688
0 0.6932934131736528 0.43623 0.057664670658682644 0.05558
0 0.1230988023952096 0.52324 0.08488023952095809 0.1512
0 0.37125748502994016 0.531 0.4191616766467066 0.23
