0 0.588066037735849 0.815265625 0.20702830188679244 0.11475
0 0.5945990566037735 0.632875 0.18367924528301885 0.19359375
0 0.8476415094339622 0.8106953125 0.2857547169811321 0.158390625
0 0.6859787735849057 0.8034140624999999 0.11728773584905659 0.10017187500000001
0 0.6927712264150944 0.70303125 0.08521226415094339 0.10865625000000001
0 0.8227830188679245 0.5873046875 0.13382075471698113 0.125703125
0 0.20081367924528304 0.8060546875000001 0.191061320754717 0.09395312500000001
0 0.9478655660377359 0.7964140625 0.1042688679245283 0.138328125
0 0.5132311320754717 0.7946796875000001 0.07617924528301886 0.149734375
0 0.7407429245283019 0.7549687500000001 0.06535377358490566 0.08634375
0 0.5997405660377358 0.7655390625 0.10320754716981131 0.11185937500000001
0 0.3550117924528302 0.57621875 0.25912735849056606 0.6689375000000001
0 0.5 0.67109375 0.9952830188679245 0.3328125
