0 0.7776171875000001 0.6934777517564403 0.051296875 0.2859718969555035
0 0.9003671874999999 0.6627517564402811 0.021640625 0.07810304449648713
0 0.49178906250000004 0.4410772833723653 0.009921875 0.03372365339578454
0 0.4742890625 0.447271662763466 0.009359375000000001 0.03679156908665106
0 0.34759375000000003 0.4405854800936768 0.007875 0.029882903981264638
0 0.28147656249999997 0.46560889929742394 0.007953125 0.034918032786885246
0 0.2021171875 0.4903629976580796 0.009859375 0.03754098360655738
0 0.18265625000000002 0.4301405152224824 0.0121875 0.02665105386416862
0 0.45779687500000005 0.38494145199063234 0.00775 0.02721311475409836
0 0.5756171875 0.8066510538641686 0.029953125000000004 0.05822014051522248
0 0.5919296875000001 0.4242622950819673 0.014421875 0.03213114754098361
0 0.049796875000000004 0.46323185011709606 0.00696875 0.029086651053864168
0 0.3768046875 0.4482669789227166 0.007890625 0.04379391100702576
0 0.453125 0.5749414519906323 0.8 0.5456674473067916
