0 0.3432890625 0.6108568075117372 0.360484375 0.7550469483568075
0 0.1114375 0.6651760563380282 0.21987500000000001 0.6247183098591549
0 0.4621015625 0.32447183098591553 0.191703125 0.3124178403755869
0 0.35817968750000007 0.4027230046948357 0.06489062500000001 0.29244131455399064
0 0.6202109375 0.3642488262910798 0.109890625 0.5457276995305165
0 0.7251875000000001 0.3782981220657277 0.151875 0.7337793427230046
0 0.8719843750000001 0.3732981220657277 0.1746875 0.7137323943661972
0 0.958984375 0.32416666666666666 0.08203125 0.5059389671361503
0 0.5470234375 0.3585446009389672 0.06967187500000001 0.30126760563380284
0 0.06446093750000001 0.5033802816901408 0.12892187500000002 0.4008920187793427
0 0.42625781250000006 0.3601291079812207 0.077421875 0.2817605633802817
