0 0.8157300000000001 0.8233999999999999 0.20426 0.27634666666666663
0 0.27471 0.81348 0.34382 0.34157333333333334
0 0.88013 0.7095866666666667 0.057100000000000005 0.09485333333333333
0 0.94129 0.7516933333333333 0.1163 0.17304
0 0.81863 0.7179466666666665 0.1045 0.16448
0 0.64805 0.78028 0.17062000000000002 0.24450666666666665
0 0.5657300000000001 0.7753599999999999 0.08758 0.22330666666666665
0 0.44954000000000005 0.74488 0.134 0.2189333333333333
0 0.39826 0.7240133333333333 0.06464 0.1542133333333333
0 0.35189 0.7130933333333334 0.061220000000000004 0.13418666666666668
0 0.20134 0.75948 0.1016 0.2642933333333333
0 0.84652 0.697 0.02684 0.044186666666666666
0 0.48375 0.6877199999999999 0.0373 0.08290666666666667
0 0.096 0.752 0.192 0.31466666666666665
