2 0.40565625000000005 0.29734192037470725 0.06640625 0.06466042154566745
3 0.38241406250000004 0.6927166276346605 0.288078125 0.43391100702576113
3 0.46101562500000004 0.6068032786885247 0.261125 0.46241217798594847
3 0.5730546875 0.5637704918032788 0.12198437499999999 0.41985948477751756
3 0.6178515625000001 0.5520140515222483 0.106109375 0.36861826697892275
0 0.259703125 0.5543091334894613 0.28409375 0.8279625292740047
0 0.4513203125 0.2755152224824356 0.03698437500000001 0.09936768149882903
0 0.7227421875000001 0.3221077283372365 0.045484375 0.0785480093676815
0 0.6897109375000001 0.3231615925058548 0.034359375 0.10299765807962528
3 0.6600703125 0.5731615925058549 0.08517187500000001 0.24510538641686183
3 0.683 0.5095901639344262 0.122 0.2753864168618267
0 0.46428125 0.2701873536299766 0.0193125 0.08941451990632318
3 0.73434375 0.4903629976580796 0.05456250000000001 0.11159250585480093
3 0.7586875000000001 0.39658079625292736 0.06528125 0.09784543325526933
