1 0.5524140625 0.65484375 0.4983906250000001 0.4580625
2 0.17221093750000002 0.509875 0.15451562500000002 0.08583333333333334
2 0.06924218750000001 0.5096354166666667 0.12210937500000002 0.07472916666666667
2 0.024632812500000004 0.50471875 0.045578125000000004 0.05485416666666666
0 0.55409375 0.5226875 0.23375 0.8116666666666666
0 0.277078125 0.49996874999999996 0.030375000000000003 0.1008125
2 0.33749218750000004 0.48866666666666664 0.071078125 0.028333333333333332
2 0.39560937500000004 0.5169166666666667 0.041625 0.091
2 0.246203125 0.5022395833333333 0.04340625000000001 0.04610416666666666
2 0.2924375 0.49043749999999997 0.0206875 0.025083333333333332
2 0.4992421875000001 0.48891666666666667 0.048953125 0.041374999999999995
