2 0.22936718749999999 0.4604823529411764 0.20295312499999998 0.17757647058823528
2 0.1224765625 0.42923529411764705 0.063796875 0.0844941176470588
4 0.7101406250000001 0.3885176470588235 0.57971875 0.6936941176470588
0 0.4528359375 0.7014823529411764 0.16285937500000003 0.5791529411764705
0 0.63253125 0.6810823529411765 0.13112500000000002 0.49482352941176466
0 0.3607578125 0.5658588235294117 0.079796875 0.29317647058823526
0 0.27156250000000004 0.5717294117647058 0.08590625 0.3084470588235294
0 0.19555468750000002 0.5758235294117646 0.05260937500000001 0.3645411764705882
2 0.290125 0.577235294117647 0.2843125 0.24519999999999997
2 0.3591328125 0.4270588235294117 0.13273437500000002 0.1295529411764706
0 0.633453125 0.36039999999999994 0.07287500000000001 0.09152941176470587
2 0.0945703125 0.39764705882352935 0.053953125000000005 0.037317647058823525
6 0.0678984375 0.46591764705882344 0.13398437500000002 0.18590588235294117
