0 0.29703906250000006 0.6686929460580913 0.060796875 0.43614107883817427
0 0.07269531250000001 0.7292323651452283 0.039609375 0.24477178423236515
0 0.6734453125000001 0.7642323651452283 0.007796875000000001 0.04398340248962655
0 0.9244921875 0.7874066390041494 0.011828125000000002 0.08651452282157678
0 0.6357343750000001 0.7612655601659751 0.01225 0.05796680497925311
0 0.8536562499999999 0.7528423236514523 0.00790625 0.053983402489626554
0 0.6831562500000001 0.7567219917012448 0.0074062500000000005 0.04912863070539419
0 0.8022421875 0.7582157676348548 0.008703125 0.0604149377593361
0 0.7941796875 0.7493360995850623 0.010015625 0.06414937759336099
0 0.6201953124999999 0.7582780082987552 0.005171875 0.036390041493775935
0 0.9414375000000001 0.7703941908713693 0.0091875 0.047925311203319505
0 0.6593437500000001 0.7447717842323652 0.005812500000000001 0.021410788381742738
0 0.6398203124999999 0.7537966804979253 0.0018281249999999999 0.007095435684647303
