0 0.167828125 0.6102102803738317 0.06846875000000001 0.16130841121495326
0 0.7055625 0.5494392523364485 0.11571875000000001 0.2494392523364486
0 0.9036406250000001 0.3140420560747663 0.08090625000000001 0.11733644859813083
0 0.1716171875 0.3703271028037383 0.05176562500000001 0.08009345794392524
0 0.794296875 0.5414252336448598 0.12253125000000001 0.26471962616822425
0 0.893828125 0.5303387850467289 0.09896875000000001 0.24605140186915886
0 0.2606484375 0.33495327102803735 0.073671875 0.14411214953271026
0 0.58921875 0.5417056074766354 0.1164375 0.2601869158878504
0 0.53109375 0.34115654205607476 0.05984375 0.11801401869158877
0 0.53840625 0.3069742990654205 0.07684375 0.18142523364485982
0 0.35767187500000003 0.35773364485981307 0.054093749999999996 0.1011214953271028
0 0.669375 0.3182009345794392 0.069875 0.12135514018691587
0 0.48689843750000006 0.6754556074766356 0.28192187500000004 0.6460514018691588
0 0.5 0.47780373831775697 0.9968750000000001 0.9556074766355139
