2 0.088234375 0.35734523809523816 0.050249999999999996 0.02973809523809524
2 0.18606250000000002 0.34289285714285717 0.02296875 0.025452380952380952
0 0.2121015625 0.573202380952381 0.12267187500000001 0.49097619047619057
0 0.6008046875 0.41108333333333347 0.029546875 0.13116666666666668
0 0.5475390625000001 0.4266190476190477 0.026109375000000004 0.10966666666666668
0 0.5241875 0.45728571428571435 0.045500000000000006 0.0561904761904762
0 0.7350234375 0.6691309523809523 0.204984375 0.5092619047619048
2 0.1447578125 0.3606904761904762 0.057265625 0.02666666666666667
2 0.020234375 0.3572857142857143 0.04046875 0.041190476190476194
2 0.2531171875 0.32184523809523813 0.026515625 0.030309523809523814
