0 0.6960625 0.45325 0.1045 0.4719166666666667
0 0.44617187500000005 0.5445729166666666 0.01653125 0.043437500000000004
0 0.42659375 0.5477916666666667 0.019343750000000003 0.024791666666666667
0 0.27507031249999997 0.54434375 0.013390625000000001 0.01872916666666667
0 0.2323515625 0.54375 0.018109375 0.032125
0 0.8398593750000001 0.5387083333333333 0.032218750000000004 0.05229166666666667
0 0.6081796875 0.5258645833333334 0.010640625 0.0215625
0 0.8844375 0.5442708333333334 0.03259375 0.02025
0 0.9216093750000001 0.5126875 0.018687500000000003 0.033749999999999995
0 0.736046875 0.5217291666666667 0.0074375 0.015583333333333334
0 0.4915859375 0.5291145833333333 0.009421875000000001 0.014895833333333334
0 0.47246875 0.5488020833333334 0.0205 0.034479166666666665
0 0.5858125 0.54546875 0.01840625 0.02977083333333333
0 0.49921875000000004 0.54375 0.7453125 0.0625
