0 0.55955 0.33782666666666666 0.39438 0.6674399999999999
0 0.21199 0.5333199999999999 0.07674 0.13506666666666667
0 0.26811 0.5260533333333333 0.07922 0.13402666666666666
0 0.30985999999999997 0.49543999999999994 0.03604 0.09056
0 0.35087 0.55588 0.09886 0.22530666666666666
0 0.80471 0.48491999999999996 0.03194 0.03741333333333333
0 0.13788999999999998 0.34036 0.27577999999999997 0.68072
0 0.83748 0.51456 0.01832 0.10682666666666667
0 0.74684 0.49271999999999994 0.03936 0.07408000000000001
0 0.32273 0.5314533333333333 0.04002000000000001 0.13522666666666666
