0 0.40798437500000007 0.5433229166666665 0.30378125 0.2751458333333333
0 0.8473593750000001 0.42753125 0.015187500000000001 0.05964583333333333
0 0.047921875 0.5390416666666666 0.09584375 0.26825
0 0.1550546875 0.5370833333333334 0.08764062500000001 0.22470833333333332
0 0.2565 0.4274479166666667 0.02028125 0.0333125
0 0.2000546875 0.4235 0.014734375000000001 0.028166666666666666
0 0.21286718750000003 0.42471875000000003 0.011796875 0.028645833333333332
0 0.06808593750000001 0.45872916666666663 0.024671875 0.10454166666666666
0 0.22031250000000002 0.4268958333333333 0.009343750000000001 0.024916666666666667
0 0.23571874999999998 0.42676041666666664 0.01709375 0.0366875
0 0.2750234375 0.4134583333333333 0.006984375 0.01525
