3 0.7376814988290399 0.6646484375 0.5230913348946136 0.5145468750000001
3 0.6534192037470726 0.44396875 0.68711943793911 0.5550625
3 0.4728337236533958 0.32821875 0.5181264637002342 0.50246875
3 0.3206440281030445 0.3653046875 0.24049180327868852 0.208109375
3 0.7542974238875878 0.4494375 0.4914051522248244 0.494375
2 0.10722482435597189 0.38496875 0.029063231850117097 0.017499999999999998
2 0.046229508196721315 0.392734375 0.043466042154566745 0.018625
3 0.6667798594847775 0.5514765625 0.3297189695550351 0.283078125
3 0.3206791569086651 0.42585156250000006 0.23362997658079626 0.21492187500000004
3 0.23934426229508196 0.3655390625 0.16955503512880563 0.180015625
3 0.2066510538641686 0.369453125 0.1039344262295082 0.10775
2 0.14666276346604215 0.38128906250000005 0.03810304449648712 0.030390625
2 0.01548009367681499 0.378625 0.022763466042154568 0.009500000000000001
3 0.5722014051522248 0.42038281250000004 0.5702576112412178 0.4865781250000001
3 0.8117096018735364 0.8121875000000002 0.3620608899297424 0.33246875000000004
