0 0.51375 0.3501994680851064 0.033781250000000006 0.19497340425531914
0 0.26039843749999997 0.3694813829787234 0.046921875 0.2315691489361702
0 0.3366640625 0.3585239361702128 0.049703125 0.2335904255319149
0 0.20437500000000003 0.3860372340425532 0.07125000000000001 0.23218085106382977
0 0.38150781250000004 0.3557579787234042 0.061203125000000004 0.22747340425531914
0 0.21717187500000001 0.35418882978723404 0.04253125 0.2536968085106383
0 0.44653125000000005 0.36699468085106385 0.04390625000000001 0.18148936170212765
0 0.8094453125 0.5444414893617021 0.133453125 0.7185106382978724
0 0.07446875 0.3769281914893617 0.0579375 0.25773936170212763
0 0.4785468750000001 0.3561170212765957 0.03665625 0.19074468085106383
0 0.4178671875 0.3609175531914894 0.040921875 0.19460106382978723
0 0.29899218750000006 0.35945478723404256 0.032484375 0.2283776595744681
0 0.541046875 0.3540691489361702 0.04459375 0.17968085106382978
0 0.49531250000000004 0.42686170212765956 0.9906250000000001 0.43882978723404253
