0 0.3435 0.6190700808625338 0.07196875000000001 0.5801347708894878
0 0.491109375 0.5112398921832885 0.11203125000000001 0.44269541778975746
0 0.643515625 0.5428436657681941 0.11203125000000001 0.3303234501347709
0 0.62128125 0.49673854447439353 0.1545 0.4015633423180593
0 0.955 0.8175741239892184 0.09000000000000001 0.3445822102425876
0 0.8972734375 0.18983827493261454 0.061828125000000005 0.10118598382749326
0 0.7639765625 0.18223719676549865 0.08920312500000001 0.1094878706199461
0 0.7012109375 0.19435309973045825 0.049453125 0.08778975741239893
0 0.9083437500000001 0.16257412398921833 0.05196875 0.1577088948787062
0 0.983046875 0.1096091644204852 0.03284375 0.09113207547169812
0 0.9607656250000002 0.19202156334231807 0.06390625 0.08808625336927224
0 0.8575781249999999 0.14995956873315366 0.050156250000000006 0.11264150943396227
0 0.8359921875000002 0.1911455525606469 0.054921875 0.09323450134770891
