1 0.33356250000000004 0.6834027777777777 0.12290625 0.24402777777777776
1 0.7073671875 0.6368472222222222 0.066671875 0.1594722222222222
1 0.6568828125000001 0.37386111111111114 0.056359375 0.10783333333333334
0 0.8128828125 0.6952083333333334 0.052015625 0.512361111111111
0 0.7470703125 0.6805833333333333 0.10898437500000001 0.4529444444444445
0 0.6011171875000001 0.5843888888888888 0.048015625000000006 0.38538888888888895
0 0.5264296875000001 0.5317500000000001 0.046640625000000005 0.30933333333333335
0 0.47773437500000004 0.5387083333333333 0.04615625 0.2625277777777778
0 0.46226562499999996 0.478 0.0305 0.14272222222222222
0 0.8745625000000001 0.7217222222222223 0.1174375 0.5565555555555556
0 0.565859375 0.5269861111111112 0.03665625 0.24502777777777776
0 0.6100234375000001 0.41783333333333333 0.028640625 0.0763888888888889
0 0.42746875 0.519013888888889 0.0305 0.22125000000000003
1 0.5676953125 0.3536666666666667 0.05857812500000001 0.07933333333333334
1 0.44724218749999994 0.3725 0.032109375 0.0805
1 0.4960234375 0.3765138888888889 0.036609375 0.08447222222222223
0 0.6466562499999999 0.6269861111111111 0.0871875 0.4529722222222222
1 0.2720078125 0.5230416666666667 0.057828125 0.15669444444444444
1 0.3589453125 0.6169861111111111 0.18776562500000002 0.21991666666666668
1 0.28521875 0.3929444444444445 0.07809375 0.1741111111111111
1 0.29099218750000005 0.5989722222222222 0.061578125 0.1
1 0.33558593750000004 0.4622777777777778 0.027078124999999998 0.0905
0 0.5755390625 0.5050972222222222 0.022890625 0.14697222222222223
1 0.67353125 0.3344305555555556 0.02296875 0.02313888888888889
1 0.49382812500000006 0.3231527777777778 0.031968750000000004 0.026916666666666665
