0 0.1410859375 0.7443325526932084 0.031328125000000005 0.06355971896955503
0 0.8155390625000001 0.8204683840749414 0.039515625 0.13728337236533958
0 0.7910312500000001 0.7714519906323185 0.017249999999999998 0.04936768149882904
0 0.191078125 0.714367681498829 0.033218750000000005 0.04634660421545667
0 0.1638671875 0.7470608899297424 0.019796875000000002 0.04334894613583139
0 0.143015625 0.9501170960187355 0.0889375 0.07629976580796252
0 0.8929687500000001 0.7797306791569087 0.052593749999999995 0.06807962529274005
0 0.07472656250000001 0.5844730679156909 0.018546875 0.03962529274004684
0 0.3376171875 0.5719789227166276 0.026296874999999997 0.03941451990632318
0 0.38034375 0.6353395784543324 0.030218750000000003 0.06159250585480094
0 0.9313203125000001 0.7862295081967213 0.040828125 0.12440281030444965
