2 0.0757421875 0.7635491606714627 0.151484375 0.44920863309352516
2 0.9094453124999999 0.75689448441247 0.10048437500000001 0.08712230215827337
6 0.2691953125 0.8749880095923261 0.288640625 0.24863309352517984
6 0.8148203125000001 0.765167865707434 0.238671875 0.1864988009592326
2 0.37633593750000005 0.6923141486810551 0.040203125000000006 0.03517985611510791
2 0.37050000000000005 0.7103477218225419 0.036 0.047410071942446036
2 0.22727343750000004 0.7246762589928057 0.068828125 0.05237410071942446
2 0.740640625 0.7083693045563549 0.02846875 0.02896882494004796
6 0.9085234375000001 0.7573021582733813 0.106890625 0.10338129496402877
6 0.9729843750000001 0.761282973621103 0.04953125 0.07172661870503597
2 0.9477187499999999 0.707937649880096 0.029375000000000002 0.03381294964028777
2 0.7158984375 0.6962589928057554 0.014578125 0.016115107913669064
