3 0.2980703125 0.509 0.16876562500000003 0.4346818181818181
0 0.5198515625000001 0.5181136363636364 0.295296875 0.6689090909090909
0 0.3583984375 0.24128409090909092 0.15260937500000002 0.4013409090909091
0 0.257671875 0.1896818181818182 0.11512500000000002 0.2892272727272727
0 0.819234375 0.3558863636363636 0.20953125 0.7117727272727272
0 0.634671875 0.16415909090909087 0.08371875000000001 0.20963636363636362
0 0.5579609375000001 0.13639772727272725 0.08435937500000001 0.18902272727272726
0 0.5978984375 0.4224772727272727 0.16067187500000002 0.44495454545454544
0 0.7106718750000001 0.30786363636363634 0.098875 0.5348181818181817
2 0.08401562500000001 0.28325 0.16803125000000002 0.5528181818181818
0 0.5078828125 0.18693181818181817 0.083609375 0.06981818181818181
0 0.30595312500000005 0.10547727272727271 0.048406250000000005 0.12259090909090908
0 0.5330234375 0.5735795454545455 0.522515625 0.4039318181818181
0 0.4731953125000001 0.1232840909090909 0.089640625 0.1999772727272727
0 0.18985156250000002 0.29672727272727273 0.091484375 0.5129545454545454
0 0.56484375 0.3488636363636363 0.8671875 0.6977272727272726
