6 0.6536145833333333 0.526109375 0.08710416666666668 0.057999999999999996
0 0.5498124999999999 0.5046406250000001 0.46441666666666664 0.77528125
2 0.07004166666666667 0.5170078125 0.050875000000000004 0.026265625
2 0.2763541666666667 0.513984375 0.03391666666666667 0.0185
2 0.7544062500000001 0.5342890625 0.04639583333333333 0.022109375
2 0.21616666666666667 0.5099921875 0.013583333333333333 0.011296875000000001
0 0.15342708333333333 0.520578125 0.028979166666666667 0.0424375
0 0.06577083333333333 0.5156953125 0.025833333333333333 0.040140625000000006
2 0.15205208333333334 0.5170078125 0.057979166666666665 0.034453125
2 0.2944583333333333 0.5135625 0.015875 0.01028125
