0 0.8488125000000001 0.65509375 0.04659375 0.16364583333333332
0 0.37446093750000004 0.6110729166666666 0.028453125000000003 0.07818750000000001
0 0.256890625 0.6285624999999999 0.02734375 0.09641666666666666
0 0.29509375 0.6184999999999999 0.038187500000000006 0.087875
0 0.24981250000000005 0.5835104166666666 0.008749999999999999 0.03502083333333333
0 0.5417031250000001 0.5893437499999999 0.023406250000000003 0.08964583333333334
0 0.17088281250000004 0.6098750000000001 0.016734375000000003 0.06899999999999999
0 0.15240625 0.6189479166666667 0.020625 0.0833125
0 0.9309140625 0.6456354166666667 0.035703125 0.13089583333333332
0 0.21457812499999998 0.6178854166666667 0.0305 0.07860416666666666
0 0.6777890625 0.42159374999999993 0.008703125 0.0219375
0 0.086828125 0.7567083333333334 0.14375000000000002 0.4865833333333333
0 0.7334375 0.67403125 0.0681875 0.15843749999999998
0 0.14296875 0.6229166666666667 0.1015625 0.07916666666666666
