0 0.23410937500000004 0.5652810304449649 0.19596875000000002 0.8475175644028102
0 0.49926562500000005 0.5170023419203746 0.13493750000000002 0.6202341920374707
0 0.6121953125 0.49450819672131147 0.12757812500000001 0.5055035128805621
0 0.904859375 0.4961007025761124 0.12265625000000001 0.4032552693208431
0 0.78628125 0.4431264637002342 0.1090625 0.3269086651053864
0 0.142578125 0.43306791569086656 0.06846875000000001 0.24571428571428572
0 0.4120625 0.4317564402810305 0.05240625 0.25185011709601873
0 0.721515625 0.40228337236533956 0.033468750000000005 0.16836065573770492
0 0.013374999999999998 0.4959133489461358 0.02428125 0.3715925058548009
0 0.06999218750000001 0.38230679156908665 0.056234375 0.18751756440281028
0 0.9504218750000002 0.4093793911007026 0.0556875 0.17295081967213113
0 0.11183593750000001 0.38357142857142856 0.045234375 0.21088992974238877
0 0.9564609375 0.3293793911007026 0.025015625000000003 0.03725995316159251
0 0.21250000000000002 0.32786885245901637 0.05 0.22014051522248243
