3 0.41931 0.7007611940298507 0.35382 0.39101492537313437
0 0.1611 0.6049701492537313 0.3222 0.7875522388059701
0 0.34478 0.4303283582089552 0.19272 0.4112238805970149
0 0.81457 0.38401492537313425 0.12322 0.27334328358208954
0 0.040560000000000006 0.36088059701492536 0.07812000000000001 0.47083582089552234
0 0.5917100000000001 0.615731343283582 0.31618 0.746089552238806
0 0.75433 0.36180597014925375 0.06681999999999999 0.3003283582089552
0 0.8735300000000001 0.2954328358208955 0.07518000000000001 0.18734328358208954
0 0.23550000000000001 0.38276119402985076 0.07136 0.25811940298507463
0 0.95093 0.3532089552238806 0.09494 0.28928358208955224
3 0.66901 0.6193283582089553 0.12098 0.15907462686567164
3 0.36879999999999996 0.8744328358208956 0.39208 0.21525373134328357
0 0.8890600000000001 0.24513432835820897 0.03964 0.09402985074626866
0 0.43819 0.35128358208955224 0.09198 0.3161194029850746
0 0.835 0.6907611940298508 0.33 0.6184776119402985
0 0.64224 0.3683880597014925 0.09895999999999999 0.32967164179104474
