4 0.23892000000000002 0.3813963963963964 0.20308 0.07846846846846846
4 0.48708 0.3906606606606607 0.18364 0.08744744744744745
4 0.7534000000000001 0.3886186186186186 0.19391999999999998 0.06462462462462462
0 0.9222700000000001 0.6557057057057057 0.12514 0.5861261261261261
0 0.7848599999999999 0.6150450450450451 0.07036 0.28564564564564565
0 0.72234 0.44486486486486493 0.01736 0.07147147147147147
0 0.35790000000000005 0.7427627627627628 0.07708 0.12834834834834835
0 0.68208 0.4376276276276276 0.010960000000000001 0.04624624624624625
0 0.61476 0.4698198198198198 0.018920000000000003 0.07453453453453454
0 0.34379 0.6033483483483483 0.02818 0.11456456456456456
0 0.30519 0.5745495495495495 0.0169 0.06087087087087087
0 0.09562000000000001 0.6363963963963964 0.03984000000000001 0.06600600600600601
0 0.10711999999999999 0.5803153153153153 0.01932 0.06357357357357357
0 0.163 0.5746246246246246 0.02056 0.06948948948948949
0 0.2205 0.5751951951951951 0.0294 0.06198198198198198
0 0.7558499999999999 0.46975975975975975 0.024620000000000003 0.09585585585585586
0 0.505 0.6216216216216216 0.986 0.4984984984984985
