3 0.477953125 0.46435597189695543 0.686625 0.6928337236533957
0 0.07330468750000001 0.32645199063231845 0.08376562500000001 0.33182669789227165
0 0.5256171875 0.3831733021077284 0.301203125 0.5869086651053864
0 0.9512265625 0.5476346604215456 0.071890625 0.2088056206088993
0 0.1477578125 0.3256674473067916 0.080671875 0.27873536299765805
0 0.8962421875 0.5267798594847776 0.065421875 0.23922716627634663
0 0.8266484374999999 0.4949882903981265 0.047296875 0.19405152224824357
0 0.7249453125 0.39740046838407495 0.050828125 0.08281030444964871
0 0.852390625 0.5127400468384075 0.06596875 0.2224824355971897
0 0.21426562500000002 0.285503512880562 0.05371875000000001 0.13391100702576111
0 0.2703203125 0.2748243559718969 0.046390625000000005 0.07391100702576112
0 0.8055937500000001 0.41100702576112413 0.06009375 0.09953161592505855
0 0.201296875 0.2457142857142857 0.027875 0.080327868852459
