0 0.7501328125000001 0.5516901408450704 0.369453125 0.8966197183098591
0 0.3434765625 0.6458685446009389 0.20329687500000004 0.7082629107981221
0 0.2316796875 0.7024295774647887 0.029203125000000003 0.07678403755868544
0 0.021765625 0.7124765258215963 0.02375 0.08964788732394366
0 0.16600781250000002 0.6977230046948357 0.044328125 0.09286384976525823
0 0.199265625 0.7012441314553991 0.02740625 0.08976525821596244
0 0.8975937500000001 0.664330985915493 0.022531250000000003 0.057018779342723
0 0.260953125 0.6997887323943662 0.026187500000000002 0.08145539906103287
0 0.9205859375 0.6552582159624413 0.024703125000000003 0.06863849765258216
0 0.535296875 0.7074178403755867 0.01971875 0.02708920187793427
