0 0.526578125 0.36049411764705874 0.33415625000000004 0.501270588235294
0 0.7066875 0.28265882352941174 0.17500000000000002 0.34461176470588234
0 0.8617890625000002 0.3382 0.21639062500000003 0.38425882352941176
0 0.7346718750000001 0.7467882352941175 0.32946875000000003 0.49964705882352933
0 0.31635937500000005 0.3730352941176471 0.12534375 0.31011764705882355
0 0.06715625 0.46142352941176473 0.12534375 0.218
0 0.0470078125 0.3431294117647058 0.094015625 0.17976470588235294
0 0.25255468750000004 0.7461882352941176 0.41001562500000005 0.5076235294117647
0 0.18167968750000002 0.5310235294117647 0.25220312500000003 0.3190823529411765
0 0.9125000000000001 0.18185882352941177 0.1735625 0.36371764705882353
0 0.44648437500000004 0.23165882352941178 0.0666875 0.17178823529411763
0 0.150453125 0.2920470588235294 0.13575 0.18988235294117647
