4 0.59771875 0.49498958333333337 0.6075312500000001 0.6987708333333333
0 0.0637578125 0.6858958333333334 0.127515625 0.60625
0 0.1065 0.42865624999999996 0.05953125000000001 0.08968749999999999
0 0.1526640625 0.6459270833333334 0.142578125 0.5768125
0 0.3853828125 0.6058020833333334 0.10129687500000001 0.45839583333333334
0 0.58934375 0.36214583333333333 0.098625 0.16545833333333335
0 0.5433671875 0.36011458333333335 0.046953125000000005 0.1429375
0 0.5798593750000001 0.3267395833333333 0.0341875 0.05527083333333333
0 0.65278125 0.35614583333333333 0.072125 0.15229166666666666
0 0.2696328125 0.63890625 0.11920312500000002 0.4608125
0 0.7460156250000001 0.40444791666666663 0.08828125 0.09431250000000001
