0 0.8470078125000001 0.574319248826291 0.021421875000000003 0.07892018779342723
0 0.6204296875 0.578169014084507 0.019796875000000002 0.0723943661971831
0 0.8359453125 0.5728755868544602 0.012140625 0.06833333333333333
0 0.5924765625 0.5834859154929578 0.014015625000000002 0.062417840375586855
0 0.7886406250000001 0.5619483568075118 0.008968750000000001 0.026666666666666665
0 0.8134687500000001 0.5673708920187793 0.0203125 0.0507981220657277
0 0.7623125000000001 0.5581220657276995 0.00825 0.025070422535211266
0 0.8240937500000002 0.556150234741784 0.00646875 0.01596244131455399
0 0.7483750000000001 0.5423474178403755 0.009093750000000001 0.024507042253521127
0 0.8665078125 0.5738262910798122 0.016953125 0.07647887323943661
