0 0.18455 0.24943609022556387 0.06126666666666667 0.16629072681704257
0 0.6995500000000001 0.5598245614035088 0.15773333333333334 0.8789974937343359
0 0.5900333333333333 0.5894736842105263 0.12080000000000002 0.7952882205513784
0 0.513 0.5463157894736842 0.09366666666666668 0.7816541353383458
0 0.42941666666666667 0.5183208020050125 0.15506666666666669 0.7331829573934837
0 0.2757166666666667 0.2662907268170426 0.07023333333333334 0.19548872180451127
0 0.33081666666666665 0.5547994987468672 0.16096666666666667 0.6711528822055138
0 0.9088333333333333 0.5415664160401001 0.17896666666666666 0.8814786967418545
0 0.839525 0.5494110275689222 0.16795000000000002 0.8995739348370927
0 0.3928416666666667 0.2374436090225564 0.06641666666666668 0.1206516290726817
0 0.21776666666666666 0.5624436090225563 0.12956666666666666 0.6408270676691729
0 0.126 0.5541102756892231 0.1569 0.6983959899749373
0 0.043666666666666666 0.5346616541353383 0.08733333333333333 0.6696240601503759
