1 0.0223125 0.6805983772819473 0.044625 0.04817444219066937
0 0.179125 0.677261663286004 0.0689375 0.2501419878296146
0 0.1244375 0.683184584178499 0.048718750000000005 0.25415821501014196
0 0.9267031250000001 0.6442089249492902 0.02734375 0.10391480730223122
0 0.3045859375 0.6502636916835699 0.021796875 0.0783367139959432
0 0.9852109375 0.6347363083164299 0.011328125000000001 0.05332657200811359
0 0.012046875 0.65526369168357 0.02409375 0.05373225152129817
0 0.5642812500000001 0.6587322515212981 0.01165625 0.04468559837728195
0 0.5418046875 0.6591886409736308 0.021171875000000003 0.04811359026369168
6 0.30490625000000005 0.6427890466531441 0.08415625 0.09851926977687626
0 0.3250234375 0.6495131845841786 0.026171875 0.10511156186612576
