4 0.5033671875000001 0.5191015625000001 0.9932656250000002 0.265171875
0 0.6256953125 0.6808281250000001 0.116140625 0.3855
0 0.39265625 0.4869375 0.027750000000000004 0.029687500000000002
0 0.9299765625000002 0.6360078125 0.090109375 0.282359375
0 0.8957812500000002 0.6053125 0.045125 0.25159375
0 0.184828125 0.4766796875000001 0.0579375 0.059109375
0 0.2920546875 0.4859140625 0.032515625 0.033015625
0 0.43309375000000006 0.4890546874999999 0.02865625 0.030171875
0 0.483984375 0.48482812500000005 0.0295 0.027250000000000003
0 0.5965781250000001 0.47203124999999996 0.039593750000000004 0.0476875
0 0.63871875 0.47037500000000004 0.03284375 0.0464375
0 0.313546875 0.4834609375000001 0.026281250000000003 0.037703125000000004
0 0.553546875 0.4728359375 0.019500000000000003 0.050796875
0 0.8431328125 0.6293515625 0.063953125 0.305921875
0 0.91015625 0.4703125 0.1234375 0.043750000000000004
