0 0.19072 0.5575825825825826 0.16063999999999998 0.30645645645645647
0 0.31575000000000003 0.5878528528528528 0.2145 0.28603603603603606
0 0.8905000000000001 0.3022372372372373 0.0868 0.2943843843843844
0 0.7960400000000001 0.3018918918918919 0.04020000000000001 0.06936936936936937
0 0.7555600000000001 0.30060060060060056 0.0342 0.07453453453453454
0 0.97643 0.26013513513513514 0.04486 0.2432132132132132
0 0.9597600000000001 0.30735735735735736 0.032240000000000005 0.06
0 0.55858 0.4130780780780781 0.04532 0.1197897897897898
0 0.08655000000000002 0.43219219219219224 0.09118000000000001 0.11123123123123123
0 0.59373 0.4114864864864865 0.0405 0.10513513513513513
0 0.03878 0.6787987987987989 0.07756 0.3133933933933934
0 0.15089999999999998 0.44157657657657656 0.04084 0.08747747747747747
0 0.47966 0.47432432432432436 0.07604000000000001 0.15873873873873873
0 0.487 0.49099099099099097 0.874 0.6276276276276276
