2 0.0342421875 0.2964018691588785 0.031109375 0.01808411214953271
0 0.7436171874999999 0.43110981308411206 0.214171875 0.5203971962616821
2 0.16009375000000003 0.29996495327102807 0.0326875 0.01796728971962617
2 0.3070625 0.31221962616822424 0.035437500000000004 0.020560747663551402
2 0.3891796875 0.3183177570093458 0.036515625 0.018971962616822425
2 0.3629609375 0.3229088785046729 0.027859375 0.020817757009345794
2 0.4200390625 0.3212266355140187 0.027515625000000002 0.018247663551401866
2 0.5062187499999999 0.32941588785046727 0.0344375 0.015467289719626168
2 0.0734140625 0.2892523364485981 0.032203125 0.016775700934579436
2 0.12438281250000001 0.2992406542056074 0.024421875000000003 0.012079439252336448
2 0.262828125 0.3092757009345794 0.01953125 0.015514018691588784
2 0.23593750000000002 0.30605140186915886 0.0330625 0.033691588785046724
2 0.46873437500000004 0.3244976635514018 0.039593750000000004 0.019883177570093457
2 0.19846875000000003 0.30429906542056073 0.0229375 0.022710280373831774
2 0.30312500000000003 0.32476635514018687 0.503125 0.07009345794392523
