0 0.47107000000000004 0.67528 0.39606 0.6134933333333333
0 0.40099 0.2973466666666667 0.08078 0.14664
0 0.22079 0.4696666666666667 0.37078 0.3954933333333333
0 0.37195000000000006 0.2756133333333333 0.04482 0.14525333333333332
0 0.39911 0.2664933333333333 0.03786 0.10093333333333333
0 0.5599700000000001 0.28874666666666665 0.02822 0.04666666666666666
0 0.33888 0.34256000000000003 0.07787999999999999 0.23279999999999998
0 0.4392 0.3777866666666667 0.15084 0.32394666666666666
0 0.46018000000000003 0.20997333333333332 0.04572 0.04682666666666666
4 0.38333 0.5 0.76666 1.0
0 0.31009000000000003 0.3690933333333334 0.21286000000000002 0.36613333333333337
