0 0.4584765625 0.8063854166666666 0.122203125 0.3872291666666667
0 0.2759375 0.7147291666666666 0.0485625 0.17920833333333333
0 0.19288281250000003 0.6488958333333332 0.019234375 0.032875
0 0.5477421875 0.6485937500000001 0.010359375 0.042604166666666665
0 0.76375 0.6830104166666667 0.044937500000000005 0.16477083333333334
0 0.79428125 0.6693958333333333 0.0383125 0.10250000000000001
0 0.1385546875 0.8251354166666667 0.108796875 0.34972916666666665
0 0.0321328125 0.8198645833333332 0.064265625 0.3602708333333333
0 0.6653203125 0.7193958333333333 0.05560937500000001 0.21604166666666666
0 0.2148125 0.7259270833333333 0.04075 0.16297916666666667
0 0.9098046875000002 0.7232187499999999 0.053390625000000004 0.1943125
0 0.6040156250000002 0.6802083333333333 0.031156250000000003 0.124625
0 0.8210156250000001 0.6871770833333334 0.04578125 0.14522916666666666
0 0.5 0.7333333333333333 0.9968750000000001 0.2875
