2 0.8156093750000001 0.49887323943661976 0.36265625 0.204037558685446
2 0.5992109375 0.4539201877934272 0.16864062500000002 0.17713615023474177
6 0.3706640625 0.49759389671361504 0.5614218750000001 0.7037793427230047
0 0.8347187500000001 0.3851173708920188 0.021750000000000002 0.04272300469483568
0 0.9797421875 0.4217840375586855 0.035890625 0.10338028169014085
0 0.7388046875000001 0.3988967136150235 0.024796875 0.09065727699530517
0 0.806890625 0.40375586854460094 0.032531250000000005 0.09028169014084507
0 0.8651953124999999 0.3865727699530517 0.018484375 0.03938967136150235
0 0.9078984375 0.4037206572769953 0.071484375 0.07927230046948358
0 0.9208593749999999 0.3936854460093897 0.018875000000000003 0.04943661971830986
0 0.7849921875000001 0.38376760563380286 0.018890625 0.03396713615023474
