4 0.4209921875 0.6370983213429257 0.292796875 0.4181294964028777
4 0.12110937500000002 0.612230215827338 0.15790625000000003 0.2232134292565947
0 0.3984296875 0.5469064748201439 0.05126562500000001 0.08613908872901678
0 0.8114296875 0.6535731414868106 0.022984375 0.10455635491606714
0 0.5821015625 0.6262470023980814 0.012765625000000001 0.06683453237410071
0 0.632046875 0.6403477218225418 0.025468750000000002 0.0974820143884892
0 0.6688203125000001 0.6436330935251797 0.024328125000000003 0.09062350119904077
0 0.8316328125000001 0.6349520383693046 0.016328125 0.07992805755395682
0 0.7672578125 0.6379376498800958 0.028609375 0.0841726618705036
0 0.7900781250000001 0.6321942446043165 0.01359375 0.0737410071942446
0 0.7992187500000001 0.6352398081534771 0.0125 0.08031175059952038
0 0.8583750000000001 0.6645443645083933 0.030468750000000003 0.1476978417266187
0 0.0253671875 0.624304556354916 0.019765625000000002 0.09628297362110311
0 0.6572109375 0.6478297362110311 0.029328125 0.08803357314148681
0 0.26890625 0.6288369304556355 0.01359375 0.07498800959232613
0 0.42578125 0.6163069544364508 0.8515625 0.1726618705035971
