2 0.5913348946135831 0.7185390625000001 0.14374707259953162 0.036921875
4 0.2571545667447307 0.6995078125 0.20358313817330212 0.067265625
0 0.424192037470726 0.7250859375 0.11316159250585481 0.214890625
0 0.1236416861826698 0.7183125000000001 0.14653395784543324 0.22450000000000003
0 0.24447306791569084 0.7441484375 0.08149882903981263 0.107890625
0 0.8973067915690868 0.753890625 0.0502576112412178 0.08259375000000001
0 0.8406908665105386 0.7401249999999999 0.08845433255269322 0.10928125
0 0.7988524590163935 0.7184140625000001 0.026510538641686184 0.061046875
0 0.8500000000000001 0.6990703125 0.02388758782201405 0.045953125000000004
0 0.5856908665105387 0.6942890625 0.013302107728337237 0.014140625000000002
0 0.5394613583138174 0.696625 0.00847775175644028 0.00953125
0 0.679391100702576 0.7025156250000001 0.016721311475409836 0.029343750000000002
0 0.9014871194379391 0.70446875 0.030515222482435597 0.047531250000000004
0 0.9944379391100703 0.70815625 0.011124121779859485 0.0331875
0 0.01557377049180328 0.7142265625 0.0302576112412178 0.154578125
