2 0.9321953125000001 0.6375104166666666 0.133703125 0.09318749999999999
2 0.08058593750000001 0.6200312499999999 0.159203125 0.06260416666666667
2 0.5041640625 0.6148645833333333 0.052046875000000006 0.042562499999999996
3 0.8256171875 0.8026145833333334 0.174265625 0.2424375
3 0.6371796875000001 0.7568333333333332 0.09435937500000001 0.14766666666666667
3 0.37376562500000005 0.6850937500000001 0.039531250000000004 0.050687499999999996
3 0.299703125 0.6548645833333333 0.045125 0.07764583333333334
3 0.324078125 0.6525312499999999 0.021750000000000002 0.05264583333333333
3 0.34325 0.6280833333333333 0.013906250000000002 0.041291666666666664
3 0.4905703125 0.7321145833333332 0.046953125000000005 0.08389583333333334
3 0.42456250000000006 0.6927708333333333 0.0454375 0.07545833333333334
0 0.48533593750000004 0.6809270833333333 0.065140625 0.1383125
0 0.6142578125 0.6972291666666667 0.092015625 0.185375
0 0.8401484374999999 0.6581875 0.078640625 0.12191666666666667
0 0.6618125 0.6006666666666668 0.0238125 0.05404166666666667
0 0.41825781250000005 0.6576875 0.048484375 0.11312499999999999
0 0.3684765625 0.6387604166666667 0.057859375000000005 0.10097916666666666
0 0.35813281250000006 0.5996666666666666 0.019796875000000002 0.034124999999999996
0 0.7923203125 0.7351979166666667 0.078890625 0.2529791666666667
2 0.31927343750000003 0.5904062499999999 0.037109375 0.03210416666666667
0 0.4524765625 0.6144166666666666 0.038484375 0.05320833333333333
0 0.3199765625 0.6086041666666666 0.029609375 0.04729166666666666
0 0.6808359375 0.6338958333333334 0.052703124999999997 0.06420833333333334
0 0.29578906250000003 0.6212395833333334 0.04145312500000001 0.06864583333333334
2 0.1176328125 0.815125 0.235265625 0.363
3 0.6931953125 0.6813125 0.06551562500000001 0.09829166666666667
3 0.5772890625 0.6840520833333333 0.05651562500000001 0.08352083333333334
3 0.2583125 0.6335520833333332 0.01815625 0.0363125
0 0.2765703125 0.6022708333333334 0.017984375 0.034874999999999996
3 0.531140625 0.6713854166666666 0.0355 0.0693125
3 0.23515625 0.6302083333333334 0.0390625 0.035416666666666666
0 0.56953125 0.6354166666666666 0.8296875 0.15416666666666667
