0 0.4180859375 0.47019906323185007 0.063765625 0.18377049180327867
0 0.590921875 0.416135831381733 0.01878125 0.047025761124121775
0 0.17928125 0.42522248243559724 0.01640625 0.05423887587822014
0 0.12093750000000002 0.4736768149882904 0.08881250000000002 0.2181264637002342
0 0.010203125 0.3235480093676815 0.0119375 0.02559718969555035
0 0.010195312500000001 0.2265807962529274 0.008921875000000001 0.022107728337236534
0 0.2668671875 0.24165105386416863 0.009484375000000001 0.022505854800936767
0 0.2047578125 0.21478922716627635 0.0074218750000000005 0.024285714285714285
0 0.21142968750000002 0.21081967213114758 0.008359375 0.017096018735362997
0 0.0165703125 0.24694379391100701 0.006703125000000001 0.015386416861826699
