6 0.47409375000000004 0.5176580796252928 0.5988125000000001 0.8530679156908665
0 0.1100390625 0.7346487119437939 0.11114062499999999 0.5052693208430913
0 0.7825859375 0.7103864168618267 0.047234375 0.25243559718969555
0 0.8098437500000002 0.6354098360655738 0.039093750000000003 0.15466042154566745
0 0.8426874999999999 0.6137236533957845 0.017656250000000002 0.07227166276346604
0 0.8927812500000001 0.6834309133489461 0.036375000000000005 0.09014051522248244
0 0.16742187500000003 0.705503512880562 0.0749375 0.34220140515222486
0 0.25927343750000004 0.5815105386416862 0.024109375000000002 0.05871194379391101
0 0.885984375 0.6186182669789226 0.039468750000000004 0.10009367681498829
0 0.8048203125000001 0.7883138173302108 0.043515625 0.1800936768149883
0 0.8553515625 0.6586416861826698 0.024015625 0.137096018735363
0 0.8490234375000001 0.6886299765807963 0.044140625 0.11969555035128805
0 0.060812500000000005 0.7130210772833725 0.037750000000000006 0.34978922716627636
0 0.02734375 0.6885480093676815 0.05443750000000001 0.34824355971896953
0 0.47421875 0.752927400468384 0.9453125 0.41451990632318503
