0 0.6391015625 0.3018125 0.087984375 0.34575
0 0.2182578125 0.21391666666666667 0.126390625 0.1955
0 0.7525234375000001 0.42584375 0.085953125 0.37977083333333334
0 0.329921875 0.23330208333333333 0.1035625 0.2171875
0 0.5837421875000001 0.3998541666666667 0.017171875 0.06899999999999999
0 0.29534375 0.44996875 0.05878125 0.05227083333333333
0 0.39596875 0.4121666666666667 0.01625 0.04683333333333333
0 0.120484375 0.3812083333333333 0.0310625 0.05383333333333333
0 0.48903906250000007 0.20057291666666668 0.078265625 0.15102083333333333
0 0.09717187500000002 0.20827083333333332 0.14012500000000003 0.16825
0 0.9013125000000001 0.8055625000000001 0.14728125 0.14691666666666667
0 0.22150781249999998 0.29946875 0.110234375 0.34735416666666663
0 0.8692890625 0.7176354166666667 0.097671875 0.08739583333333334
0 0.5242187500000001 0.3958333333333333 0.7828125 0.625
