1 0.24601176470588235 0.7238046875 0.24717647058823528 0.124953125
0 0.6505764705882352 0.8548828125000001 0.14929411764705883 0.168859375
0 0.8448117647058823 0.6741171875 0.04289411764705882 0.10023437500000001
0 0.7965647058823527 0.6361171875 0.017788235294117643 0.038515625
0 0.7752588235294118 0.6264375000000001 0.02614117647058823 0.03725
0 0.5245176470588235 0.8618046875000002 0.12183529411764706 0.18651562500000002
0 0.7210705882352941 0.6214765625 0.009341176470588235 0.012671874999999999
0 0.731835294117647 0.6461875 0.01675294117647059 0.036437500000000005
0 0.12376470588235293 0.6579375000000001 0.06028235294117647 0.039281250000000004
0 0.17203529411764706 0.6682343749999999 0.048352941176470585 0.039718750000000004
2 0.8684941176470587 0.618359375 0.10028235294117646 0.0454375
4 0.777035294117647 0.6111171875000001 0.09322352941176469 0.043921875
0 0.8701999999999999 0.6594609375 0.023317647058823526 0.062140625000000005
0 0.919235294117647 0.6370546875 0.020776470588235292 0.033453125
0 0.8834588235294117 0.7231562500000001 0.0884705882352941 0.053375
0 0.07214117647058822 0.639859375 0.054776470588235295 0.10390625
0 0.5341176470588235 0.6734375 0.8894117647058822 0.2
