0 0.326578125 0.786438679245283 0.031875 0.10919811320754716
0 0.720734375 0.7746816037735849 0.11081250000000001 0.06261792452830188
0 0.849421875 0.7420047169811321 0.0253125 0.08183962264150944
0 0.1377578125 0.7952358490566036 0.034390625 0.1275
0 0.142203125 0.8543042452830188 0.025374999999999998 0.038325471698113206
0 0.277046875 0.7409198113207548 0.01190625 0.027028301886792453
0 0.2961171875 0.7384905660377359 0.005765625 0.013160377358490566
0 0.36809375 0.7353419811320754 0.00871875 0.026627358490566036
0 0.5199453125 0.7324174528301887 0.009234375000000001 0.017995283018867922
0 0.9202890625000001 0.757747641509434 0.026984375 0.038183962264150946
0 0.30911718750000006 0.8176533018867924 0.019828125000000002 0.03790094339622641
0 0.5338906250000001 0.7343396226415093 0.00509375 0.006886792452830188
0 0.400484375 0.7357075471698112 0.0165 0.01957547169811321
0 0.81171875 0.7370283018867925 0.2078125 0.07311320754716981
