0 0.844125 0.6022482435597188 0.08178125000000001 0.46749414519906324
0 0.7688281250000001 0.6052810304449648 0.09390625000000001 0.4409133489461359
0 0.6876328125000001 0.5964285714285714 0.08314062500000001 0.4692974238875878
0 0.5794765625 0.5809016393442623 0.115453125 0.4786651053864168
0 0.447671875 0.5412060889929743 0.07340624999999999 0.3169320843091335
0 0.46336718750000006 0.6341334894613583 0.320078125 0.510655737704918
0 0.29164843749999997 0.6215339578454332 0.11176562500000001 0.554496487119438
0 0.2127421875 0.6133840749414521 0.083109375 0.41327868852459015
0 0.1338203125 0.6215105386416861 0.08442187500000001 0.3805386416861827
0 0.5085234375 0.5931264637002341 0.05567187500000001 0.41135831381733023
