2 0.05826 0.5255705705705707 0.11652 0.07576576576576577
0 0.66559 0.3710510510510511 0.07646 0.28486486486486484
0 0.48999000000000004 0.41990990990990984 0.0509 0.251051051051051
0 0.34651 0.41403903903903905 0.06014 0.12291291291291291
0 0.8864700000000001 0.6117417417417417 0.03138 0.07873873873873874
0 0.15693000000000001 0.5249099099099099 0.02206 0.09774774774774773
0 0.97266 0.6227627627627628 0.04952 0.07435435435435436
0 0.8616699999999999 0.616966966966967 0.020300000000000002 0.04168168168168168
0 0.8144499999999999 0.5542792792792792 0.05158 0.1644144144144144
0 0.3337 0.41687687687687686 0.01488 0.028588588588588586
0 0.3092 0.3802552552552553 0.03152 0.0805105105105105
0 0.96696 0.5609609609609609 0.039920000000000004 0.16594594594594594
0 0.89579 0.5492942942942943 0.01958 0.061111111111111116
0 0.12814 0.5255705705705707 0.01832 0.09528528528528528
0 0.533 0.5585585585585585 0.93 0.1921921921921922
