0 0.1693046875 0.06078125 0.07482812500000001 0.1215625
0 0.38254687500000006 0.07805208333333334 0.07575 0.15610416666666668
0 0.8818281250000001 0.12078125 0.0641875 0.21347916666666666
0 0.6289765625 0.395625 0.10417187500000001 0.2758333333333333
0 0.7216875 0.5220729166666667 0.14459375000000002 0.5031875
0 0.8583046875000001 0.3329583333333333 0.064015625 0.14100000000000001
0 0.9202343749999999 0.2171875 0.0895625 0.20595833333333333
0 0.747578125 0.22724999999999998 0.05390625 0.13645833333333332
0 0.684046875 0.20080208333333335 0.053437500000000006 0.10039583333333332
0 0.5269296874999999 0.18665625 0.051453125 0.1413125
0 0.32010156250000005 0.10472916666666665 0.072640625 0.20270833333333332
0 0.5182109375 0.3362708333333333 0.11485937500000001 0.14904166666666668
0 0.87946875 0.36962500000000004 0.0561875 0.12483333333333334
0 0.5 0.49895833333333334 0.9968750000000001 0.9979166666666667
