2 0.34243750000000006 0.6423567467652495 0.04878125 0.03968576709796673
4 0.5586875 0.6158964879852126 0.17503125 0.17146025878003698
2 0.3603671875 0.6163493530499076 0.021015625 0.019353049907578558
2 0.3223515625 0.6254990757855822 0.024046875000000002 0.031293900184842884
2 0.3196875 0.6012661737523106 0.021718750000000002 0.015212569316081332
2 0.35471874999999997 0.609796672828096 0.02396875 0.019963031423290204
2 0.2637109375 0.5978465804066544 0.007703125 0.012144177449168207
2 0.27582812500000004 0.5992698706099815 0.027812500000000004 0.020646950092421443
2 0.3071953125 0.6184103512014787 0.017421875 0.019963031423290204
2 0.3428671875 0.6071811460258779 0.015578125000000002 0.02020332717190388
2 0.2819765625 0.6071903881700554 0.020578125000000003 0.017486136783733827
