0 0.24759375000000003 0.57995337995338 0.37440625000000005 0.8198135198135198
0 0.807390625 0.6842657342657341 0.2229375 0.6
0 0.9707265625 0.6797668997668997 0.058546875 0.5101165501165501
0 0.9341718750000001 0.5193123543123543 0.032625 0.07312354312354312
0 0.6612187500000001 0.5791841491841492 0.07796875 0.24699300699300697
0 0.6990468750000001 0.5618531468531468 0.046250000000000006 0.20179487179487177
0 0.12153125000000001 0.6824358974358974 0.17662500000000003 0.6148484848484848
0 0.9354218750000002 0.6134848484848485 0.06628125 0.2472027972027972
0 0.7582109375000001 0.49583916083916085 0.033703125 0.09727272727272726
0 0.6194609375000001 0.45826340326340326 0.09467187500000002 0.1453846153846154
0 0.7311796875000001 0.573974358974359 0.062890625 0.20235431235431237
0 0.6401328125000001 0.5295804195804196 0.444578125 0.9408391608391609
0 0.6766484375 0.5044055944055944 0.027328124999999998 0.06195804195804196
