2 0.19372 0.8618207282913166 0.09404000000000001 0.07624649859943977
4 0.56887 0.8088375350140056 0.08622 0.1218767507002801
0 0.61972 0.8006302521008403 0.10704000000000001 0.1515686274509804
0 0.45889 0.8689915966386553 0.14762 0.23820728291316529
0 0.30325 0.8550560224089636 0.19894 0.25840336134453784
0 0.10771000000000001 0.8487254901960785 0.01846 0.09128851540616248
1 0.95429 0.9162184873949579 0.02706 0.047675070028011204
0 0.13122999999999999 0.856218487394958 0.024260000000000004 0.08072829131652662
0 0.06817000000000001 0.8539355742296919 0.01946 0.08876750700280113
0 0.22225 0.8552941176470589 0.039020000000000006 0.06610644257703081
0 0.7332500000000001 0.796624649859944 0.41718 0.3842857142857143
1 0.98128 0.8775910364145658 0.03744 0.057647058823529405
2 0.40725 0.814593837535014 0.03014 0.02207282913165266
2 0.39289 0.8344397759103641 0.0293 0.053697478991596645
0 0.94835 0.8666806722689075 0.03038 0.11778711484593837
