1 0.9046666666666666 0.5897890625 0.048749999999999995 0.043015625
2 0.94846875 0.5820234375000001 0.10260416666666666 0.06270312500000001
2 0.48970833333333336 0.6000000000000001 0.23108333333333334 0.08078125000000001
0 0.2695520833333333 0.7630859375000001 0.47293749999999996 0.47382812500000004
1 0.765375 0.5846875 0.009333333333333334 0.009031250000000001
2 0.16572916666666665 0.6124296875 0.04720833333333333 0.041859375000000004
0 0.9653854166666667 0.5788593750000001 0.04610416666666666 0.08134375
0 0.1570416666666667 0.5825234375 0.026416666666666665 0.024140625
0 0.7688125 0.5684375 0.042333333333333334 0.0391875
0 0.900875 0.5591875000000001 0.03691666666666667 0.041125
0 0.8545208333333334 0.5732578125 0.01475 0.043296875000000005
0 0.8026041666666667 0.5730078125000001 0.017458333333333336 0.024328125000000003
0 0.46265625000000005 0.5720468750000001 0.024187499999999997 0.0335625
0 0.5751770833333333 0.55603125 0.017437499999999998 0.01196875
2 0.075625 0.6048125000000001 0.15125 0.06243750000000001
2 0.018093750000000002 0.6134843750000001 0.033479166666666664 0.05265625000000001
