2 0.07542968750000001 0.20775 0.10910937500000001 0.06579166666666666
2 0.23111718750000004 0.20205208333333335 0.08276562500000001 0.07072916666666668
2 0.3624921875 0.19159375 0.020390625000000002 0.016729166666666666
4 0.924453125 0.16248958333333335 0.15109375000000003 0.09302083333333333
6 0.7227421875000001 0.15953125 0.136359375 0.1301875
6 0.8460625 0.16964583333333336 0.05378125 0.08004166666666666
0 0.7393046875 0.18888541666666667 0.032859375 0.1005625
0 0.66046875 0.19755208333333335 0.027625 0.08502083333333334
0 0.6964687500000001 0.20832291666666666 0.01803125 0.059145833333333335
2 0.39203125 0.1907291666666667 0.0185 0.014166666666666666
2 0.631953125 0.18816666666666668 0.00728125 0.005583333333333333
