0 0.88059375 0.600572429906542 0.10671875 0.4075
0 0.6402812500000001 0.6200817757009345 0.067125 0.17268691588785046
0 0.7172109375 0.4510163551401869 0.037984375 0.12497663551401869
0 0.774796875 0.4696378504672897 0.039093750000000003 0.1573130841121495
0 0.7546796875 0.4386214953271028 0.021265625 0.07953271028037383
0 0.917453125 0.47476635514018695 0.027500000000000004 0.1636448598130841
0 0.936921875 0.47287383177570086 0.02890625 0.11275700934579438
0 0.8986015625000001 0.4470093457943925 0.030140625 0.07607476635514018
0 0.647484375 0.45792056074766346 0.03553125 0.1435981308411215
0 0.6816953125 0.43961448598130837 0.025734375 0.08203271028037383
0 0.811171875 0.4452219626168224 0.018343750000000002 0.08801401869158879
1 0.8327812499999999 0.4992873831775701 0.01265625 0.04595794392523365
0 0.8185625000000001 0.4558177570093458 0.0321875 0.10883177570093457
0 0.75703125 0.4100467289719626 0.2109375 0.0630841121495327
