0 0.42728125 0.5539386792452831 0.0744375 0.3797641509433962
0 0.053593749999999996 0.22134433962264152 0.10718749999999999 0.4382075471698113
0 0.32328125 0.441816037735849 0.014374999999999999 0.052641509433962265
0 0.2977265625 0.4392570754716981 0.013234375000000001 0.05139150943396226
0 0.3454140625 0.4435377358490566 0.015078125000000001 0.0455188679245283
0 0.2264765625 0.450566037735849 0.021421875000000003 0.05033018867924528
0 0.24724218750000004 0.4505306603773584 0.032296875 0.03705188679245283
0 0.2806484375 0.43880896226415095 0.010109375 0.04497641509433962
0 0.2590546875 0.4480778301886792 0.011078125000000001 0.02068396226415094
0 0.6976328125000001 0.4435377358490566 0.006796875 0.011367924528301886
