0 0.8603125 0.5840833333333334 0.1270625 0.325625
0 0.656296875 0.7028125 0.11640625 0.40712499999999996
0 0.5344375 0.4912708333333333 0.03225 0.14987499999999998
0 0.5829921874999999 0.43354166666666666 0.038171875 0.11845833333333333
0 0.5048671875 0.4865625 0.03829687500000001 0.181375
0 0.480171875 0.4789791666666667 0.023250000000000003 0.14575
0 0.440453125 0.49192708333333335 0.0494375 0.1374375
0 0.76484375 0.4166770833333333 0.016625 0.052895833333333336
0 0.6973984375 0.46078125000000003 0.068953125 0.13672916666666665
0 0.1058828125 0.8436979166666667 0.211765625 0.3126041666666667
0 0.27646875 0.41350000000000003 0.026281250000000003 0.06325
2 0.7655859375 0.925875 0.46882812500000004 0.12470833333333332
0 0.9644843750000002 0.42363541666666665 0.021687500000000002 0.05452083333333334
0 0.5553750000000001 0.4413958333333333 0.01709375 0.07954166666666666
0 0.46796875000000004 0.528125 0.9328125 0.4479166666666667
