0 0.71302 0.3877466666666667 0.06484000000000001 0.13682666666666668
0 0.42839 0.5729733333333333 0.18698 0.4497333333333333
0 0.5397900000000001 0.4943999999999999 0.10426 0.34752
0 0.60027 0.5874666666666667 0.16934000000000002 0.42506666666666665
0 0.64562 0.6454133333333334 0.22219999999999998 0.53456
0 0.68628 0.6931999999999999 0.27812000000000003 0.6110933333333333
0 0.96284 0.3851333333333333 0.0608 0.10135999999999999
0 0.9468099999999999 0.5198133333333333 0.08738 0.19999999999999998
0 0.22534 0.7304933333333333 0.34304 0.5390133333333333
0 0.39412 0.6743733333333333 0.22372 0.584
0 0.75591 0.6893866666666666 0.3593 0.6210133333333333
0 0.32360000000000005 0.7179733333333334 0.2528 0.5640533333333333
