0 0.132609375 0.7636981566820277 0.16040625 0.44965437788018436
0 0.7622578125 0.7434216589861751 0.10885937500000001 0.47794930875576036
0 0.5225546875 0.7118202764976959 0.07492187500000001 0.4155299539170507
0 0.6235468750000001 0.6555299539170507 0.06434375 0.34543778801843317
0 0.425296875 0.7542165898617511 0.103625 0.45843317972350234
0 0.2770000000000001 0.7538594470046083 0.11303125000000001 0.45122119815668205
0 0.20477343750000002 0.7308755760368665 0.08464062500000001 0.46497695852534565
0 0.042484375000000005 0.7452880184331797 0.058750000000000004 0.4431566820276498
0 0.7165078125000001 0.7410138248847927 0.043640625 0.43350230414746543
0 0.8564218750000001 0.7269585253456221 0.09753125000000001 0.5146082949308756
0 0.49861718750000006 0.4341129032258065 0.039890625000000006 0.05412442396313364
0 0.8656328125 0.46627880184331794 0.013703125 0.016474654377880184
0 0.1344453125 0.468536866359447 0.048859375000000003 0.11218894009216589
0 0.5085937500000001 0.6497695852534562 0.9796875 0.6082949308755761
