0 0.4607712765957447 0.41253 0.23952127659574468 0.25938
0 0.5066356382978724 0.74898 0.2658244680851064 0.36763999999999997
0 0.2957712765957447 0.18964999999999999 0.13079787234042553 0.09446
0 0.37743351063829783 0.16407999999999998 0.10678191489361702 0.13612000000000002
0 0.6983377659574468 0.16119999999999998 0.1390691489361702 0.2472
0 0.13566489361702128 0.18616 0.09356382978723404 0.063
0 0.17788563829787232 0.05477 0.10683510638297873 0.04698
0 0.08138297872340426 0.10778 0.09489361702127659 0.09336
0 0.4010771276595745 0.05977 0.11864361702127658 0.0823
0 0.5150398936170213 0.12812 0.15273936170212765 0.19488
0 0.24348404255319148 0.17293 0.07904255319148935 0.09298000000000001
0 0.9460904255319148 0.24648000000000003 0.10781914893617021 0.08416
0 0.3091622340425532 0.028100000000000003 0.11124999999999999 0.05364
0 0.5 0.116 0.9946808510638298 0.232
