0 0.36836458333333333 0.3789296875 0.4232708333333333 0.33692187500000004
0 0.6137708333333334 0.380953125 0.23033333333333333 0.20884375
0 0.9114062499999999 0.50225 0.1771875 0.3085625
0 0.08224999999999999 0.1284140625 0.16449999999999998 0.256265625
0 0.7844895833333333 0.39293750000000005 0.13122916666666667 0.10515625
0 0.13482291666666668 0.32359375 0.2516875 0.2471875
0 0.84778125 0.42271093750000005 0.10410416666666666 0.089703125
0 0.5409270833333333 0.244390625 0.1411875 0.14171875
0 0.5349791666666667 0.81234375 0.879 0.3654375
0 0.07141666666666667 0.9103515625 0.14283333333333334 0.17929687500000002
0 0.1318125 0.58934375 0.263625 0.44109375000000006
