3 0.494765625 0.5074824355971896 0.98953125 0.9618032786885246
0 0.589375 0.49069086651053867 0.65559375 0.9727166276346605
0 0.9701640625 0.09976580796252928 0.059671875 0.19911007025761124
0 0.19003125 0.11348946135831382 0.13803125000000002 0.2259953161592506
0 0.30369531250000004 0.10384074941451991 0.110796875 0.20608899297423888
0 0.06146875000000001 0.24494145199063233 0.11393750000000001 0.48088992974238876
0 0.8331484375000001 0.11298594847775174 0.11095312500000001 0.17997658079625292
0 0.599921875 0.08350117096018736 0.06721875000000001 0.16700234192037472
0 0.6995078125 0.14473067915690865 0.113546875 0.2894613583138173
0 0.7779375000000001 0.15030444964871195 0.083375 0.29672131147540987
0 0.5681328125 0.10471896955503514 0.142578125 0.20943793911007028
0 0.905046875 0.10583138173302108 0.08709375000000001 0.21166276346604215
0 0.1045859375 0.09056206088992974 0.05795312500000001 0.18112412177985948
0 0.7325078125000001 0.037412177985948473 0.045265625000000004 0.07482435597189695
