1 0.246578125 0.8173750000000001 0.069125 0.14758333333333334
1 0.32057031250000007 0.7673194444444446 0.073796875 0.12225
2 0.6586796874999999 0.6000416666666667 0.169609375 0.2026388888888889
2 0.6766328125 0.4774583333333333 0.08954687500000001 0.11658333333333333
2 0.621359375 0.28408333333333335 0.03159375 0.03933333333333334
2 0.6127656250000001 0.2642083333333334 0.017687500000000002 0.026972222222222227
2 0.6082578125000001 0.2575138888888889 0.021421875000000003 0.03386111111111111
2 0.599703125 0.2456388888888889 0.01334375 0.024555555555555556
0 0.5528203125000001 0.516625 0.021828125000000004 0.1061388888888889
0 0.5274296875000001 0.3732083333333333 0.012734375000000001 0.06236111111111111
1 0.521234375 0.43902777777777774 0.04825 0.059222222222222225
1 0.343390625 0.7446111111111111 0.06446875 0.12588888888888888
0 0.8601484375 0.3213333333333333 0.012796875 0.05955555555555556
1 0.531296875 0.4167083333333333 0.035562500000000004 0.044138888888888894
2 0.5936875 0.23080555555555557 0.01553125 0.020555555555555556
6 0.6614765625000001 0.23423611111111112 0.057546875 0.10380555555555555
0 0.547453125 0.3790416666666667 0.009437500000000001 0.041305555555555554
0 0.635109375 0.23977777777777776 0.011187500000000001 0.030944444444444448
