3 0.6189062500000001 0.703546875 0.0673125 0.0886875
3 0.2916354166666667 0.77634375 0.2144375 0.15571875000000002
0 0.7364791666666667 0.642015625 0.20833333333333334 0.477875
0 0.6179479166666667 0.6316171875 0.08372916666666666 0.130734375
0 0.8886145833333333 0.6086953125000001 0.03947916666666666 0.053203125
0 0.91975 0.5960624999999999 0.02195833333333333 0.02428125
0 0.5592083333333333 0.6261640625 0.04916666666666667 0.071609375
0 0.32278125 0.6744375000000001 0.1726875 0.24993750000000003
0 0.8673854166666667 0.598359375 0.021020833333333332 0.033875
0 0.8685104166666666 0.6076328125 0.07839583333333333 0.123203125
1 0.97628125 0.7074765625000001 0.0474375 0.138265625
0 0.91875 0.6251640625000001 0.029375 0.041984375000000004
0 0.9054479166666667 0.5961015625 0.017854166666666667 0.018484375
1 0.8091458333333333 0.8328203125 0.3817083333333333 0.334359375
0 0.9632499999999999 0.63434375 0.07116666666666666 0.21859375000000003
