1 0.22225524475524477 0.744040767386091 0.2422727272727273 0.2629976019184652
2 0.8206993006993007 0.547661870503597 0.3582517482517482 0.30203836930455635
2 0.291958041958042 0.3870383693045564 0.14580419580419582 0.054652278177458026
3 0.5815734265734266 0.7365227817745803 0.8027272727272727 0.46067146282973614
3 0.5668706293706294 0.710503597122302 0.8662587412587412 0.42282973621103115
0 0.06517482517482517 0.421546762589928 0.0513986013986014 0.1537410071942446
0 0.8977972027972028 0.3806594724220623 0.05776223776223776 0.03781774580335731
0 0.10494755244755245 0.3810671462829736 0.05562937062937063 0.053405275779376496
3 0.5814335664335664 0.4939208633093525 0.2097902097902098 0.16697841726618703
3 0.16928321678321678 0.45559952038369306 0.19017482517482517 0.1122062350119904
6 0.6363286713286713 0.38510791366906466 0.3655944055944056 0.13870503597122302
0 0.024073426573426572 0.3804196642685851 0.048146853146853144 0.059928057553956825
0 0.27510489510489505 0.37249400479616307 0.025384615384615384 0.014052757793764989
1 0.3100174825174825 0.5187410071942445 0.35206293706293706 0.16371702637889687
1 0.2559265734265734 0.4823621103117506 0.28045454545454546 0.1393525179856115
1 0.41968531468531467 0.537673860911271 0.4586713286713287 0.17117505995203836
3 0.4869230769230769 0.5942326139088728 0.2703496503496503 0.12112709832134291
3 0.39928321678321677 0.4331774580335731 0.12045454545454547 0.060887290167865704
2 0.9514335664335662 0.3741247002398081 0.0565034965034965 0.03750599520383693
