2 0.142 0.9012 0.17797333333333332 0.06028
3 0.039 0.9085599999999999 0.078 0.0516
0 0.8338800000000001 0.92825 0.07352 0.14350000000000002
2 0.7141066666666666 0.8935000000000001 0.058399999999999994 0.03488
2 0.2880933333333333 0.88926 0.0948 0.0504
0 0.7890933333333332 0.89975 0.028373333333333334 0.0639
0 0.14866666666666667 0.86307 0.024319999999999998 0.01858
2 0.5088666666666666 0.8824799999999999 0.023013333333333334 0.01784
2 0.613 0.87673 0.030426666666666664 0.0209
2 0.6496666666666666 0.87994 0.06301333333333332 0.0262
2 0.77004 0.87725 0.03064 0.02002
0 0.8842933333333334 0.89405 0.020266666666666665 0.05758
