2 0.6894296875000001 0.034458333333333334 0.15379687500000003 0.06166666666666667
2 0.8500234375 0.03279166666666666 0.093890625 0.06116666666666667
0 0.8797734374999999 0.08763541666666666 0.064046875 0.14831249999999999
0 0.9194453125 0.07107291666666667 0.039921875 0.13789583333333333
2 0.6137109375 0.0184375 0.049359375000000004 0.036875
2 0.962578125 0.03717708333333333 0.06525 0.050979166666666666
6 0.8040156250000001 0.035656249999999994 0.05109375000000001 0.04814583333333333
0 0.32162500000000005 0.029854166666666668 0.0235 0.058625000000000003
0 0.5038828125 0.03233333333333333 0.033109375 0.06254166666666666
0 0.4280390625000001 0.03066666666666667 0.027453125000000002 0.06133333333333334
2 0.9640078124999999 0.13278125 0.071984375 0.12539583333333332
0 0.3905234375 0.03303125 0.034421875000000005 0.05239583333333333
2 0.5784296875000001 0.01878125 0.028046875 0.022229166666666668
