2 0.9782265625000002 0.7242307692307693 0.033453125 0.02288981288981289
2 0.901015625 0.725987525987526 0.03784375 0.017089397089397093
2 0.9130781250000001 0.7266112266112267 0.03075 0.01783783783783784
2 0.9599296875000001 0.72485446985447 0.032359375 0.019646569646569648
2 0.8115859375000002 0.7165488565488567 0.023640625000000002 0.016881496881496882
2 0.7852734375000001 0.7164449064449065 0.026671875 0.016923076923076926
2 0.7628046875000001 0.7167879417879419 0.019609375000000002 0.011372141372141372
2 0.7148359375000001 0.7134615384615384 0.030109375 0.012577962577962579
0 0.2871171875 0.6584199584199585 0.574234375 0.6516839916839917
2 0.9421953125 0.7157172557172558 0.017921875 0.014054054054054054
2 0.8423124999999999 0.7186278586278586 0.057906250000000006 0.02893970893970894
2 0.7358984375000001 0.7140436590436591 0.019140625 0.014074844074844075
2 0.9883125 0.7264033264033264 0.023375000000000003 0.020914760914760917
2 0.6676875 0.7135758835758835 0.012750000000000001 0.012016632016632018
2 0.5140625 0.7141372141372142 0.89375 0.04781704781704782
