0 0.270546875 0.7031498829039813 0.217375 0.4537470725995316
0 0.46570312500000005 0.5778688524590164 0.17359375 0.30711943793911006
0 0.6423671875000001 0.3829976580796253 0.031859375 0.09873536299765807
0 0.34703906250000005 0.4211475409836065 0.047640625 0.06163934426229508
0 0.43239843750000007 0.4750468384074941 0.037265625000000004 0.133231850117096
0 0.6671171875 0.3700585480093677 0.019703125000000002 0.05529274004683841
0 0.3189453125 0.3713583138173302 0.023171875 0.06950819672131148
0 0.504484375 0.3565456674473068 0.018468750000000003 0.0709367681498829
0 0.34803125 0.3676697892271662 0.01690625 0.04484777517564403
0 0.6886015625 0.3663583138173302 0.023421875 0.04644028103044496
0 0.358765625 0.6645550351288055 0.1989375 0.412903981264637
0 0.5851484375 0.6690281030444966 0.073890625 0.2829742388758782
0 0.3773203125 0.4433021077283372 0.034390625 0.08463700234192037
0 0.5710937500000001 0.4426229508196721 0.5921875 0.2388758782201405
