0 0.7124531250000001 0.6886875 0.06671875000000001 0.36470833333333336
0 0.6472265625 0.7336562499999999 0.107890625 0.38547916666666665
0 0.48202343750000004 0.7614270833333333 0.11798437500000002 0.3910208333333333
0 0.939453125 0.5408125 0.05296875 0.22345833333333334
6 0.0606328125 0.45947916666666666 0.121265625 0.13566666666666669
0 0.41713281250000006 0.77978125 0.085953125 0.3505625
0 0.31041406250000003 0.5734479166666666 0.051421875 0.1655625
0 0.5863750000000001 0.7387916666666666 0.07537500000000001 0.3812083333333333
0 0.219453125 0.5833125 0.030125000000000002 0.15141666666666667
0 0.574875 0.48046875 0.01865625 0.029187499999999998
0 0.89790625 0.5361041666666666 0.043937500000000004 0.20179166666666667
0 0.7815 0.6839270833333334 0.08381250000000001 0.35110416666666666
0 0.9809843749999999 0.575625 0.03803125 0.244
6 0.048968750000000005 0.6604687499999999 0.09534375 0.25977083333333334
0 0.11815625000000002 0.6527708333333334 0.0903125 0.21133333333333332
0 0.55390625 0.5166666666666666 0.8859375 0.25416666666666665
