2 0.7281328125000001 0.6202107728337236 0.353734375 0.1799063231850117
2 0.836609375 0.6303395784543325 0.32084375000000004 0.13707259953161594
2 0.074484375 0.6195316159250585 0.14896875 0.2697423887587822
0 0.42858593749999996 0.5607611241217798 0.207921875 0.8587587822014051
0 0.26371875 0.549543325526932 0.205875 0.8806323185011709
2 0.1176875 0.705175644028103 0.072 0.1388758782201405
2 0.45253125000000005 0.6771779859484778 0.20871875000000004 0.13046838407494146
2 0.9167265625000001 0.5536182669789227 0.12267187500000001 0.04058548009367681
2 0.982046875 0.5932786885245901 0.03571875 0.1
2 0.5959375000000001 0.5891217798594848 0.18940625 0.07903981264637003
0 0.7574609375000001 0.5774121779859485 0.027296874999999998 0.04091334894613583
