2 0.28522656250000006 0.6282941176470587 0.066546875 0.1692156862745098
0 0.5049687500000001 0.26115686274509803 0.08471875000000001 0.1331372549019608
0 0.389359375 0.3663333333333333 0.12803125 0.2856470588235294
0 0.24061718750000002 0.6532941176470588 0.046828125 0.22325490196078432
0 0.0715546875 0.6419705882352941 0.049703125 0.25645098039215686
0 0.6841953125000001 0.4849117647058824 0.040140625000000006 0.06288235294117647
0 0.7718984375 0.5818333333333333 0.095390625 0.21241176470588236
0 0.1998671875 0.6517941176470589 0.044890625 0.24598039215686274
0 0.16133593750000003 0.6836568627450981 0.065953125 0.22594117647058823
0 0.3310546875 0.6640588235294117 0.032734375 0.1848627450980392
0 0.6160546875 0.5019117647058823 0.048078125 0.11213725490196078
0 0.24213281249999996 0.608578431372549 0.04535937500000001 0.11888235294117648
0 0.15025 0.5720392156862745 0.0459375 0.12423529411764705
0 0.014406250000000002 0.5803725490196079 0.018968750000000003 0.12870588235294117
2 0.0747109375 0.6310392156862746 0.141828125 0.2607843137254902
0 0.509375 0.6333333333333333 0.978125 0.26666666666666666
