0 0.6001875000000001 0.35817330210772835 0.45690625000000007 0.7163466042154567
0 0.8451171875000001 0.3816042154566745 0.06320312500000001 0.11088992974238876
0 0.9857734375 0.37528103044496486 0.028453125000000003 0.1752927400468384
0 0.3918046875 0.40736533957845433 0.04926562500000001 0.08948477751756441
0 0.7768515625000001 0.3826580796252927 0.045453125000000004 0.10644028103044498
0 0.43432812500000006 0.41282201405152225 0.04640625 0.11192037470725995
0 0.12606250000000002 0.45106557377049183 0.040281250000000005 0.0865807962529274
0 0.2891015625 0.39182669789227165 0.045203125000000004 0.09681498829039814
0 0.1783984375 0.4140632318501171 0.029203125000000003 0.11206088992974239
0 0.47784375 0.42699063231850115 0.023906250000000004 0.07463700234192037
0 0.5025625 0.4398360655737705 0.9948750000000001 0.30459016393442623
