0 0.20309375 0.7985000000000001 0.06877083333333332 0.15325
0 0.14045833333333332 0.8031171875 0.06720833333333333 0.15123437500000003
0 0.78746875 0.7922109375000002 0.049770833333333334 0.091921875
0 0.8468333333333332 0.79371875 0.03291666666666667 0.08996875
0 0.06640625 0.7664765625 0.03910416666666666 0.073890625
0 0.10772916666666667 0.743859375 0.020374999999999997 0.04584375
0 0.08870833333333333 0.7492968750000001 0.01775 0.03996875
0 0.030718750000000003 0.7425546875000001 0.015729166666666666 0.035671875
0 0.26884375000000005 0.7560000000000001 0.017395833333333333 0.053875
0 0.24425 0.7576015625000001 0.028083333333333335 0.061234375
6 0.5561041666666666 0.826734375 0.44554166666666667 0.2054375
0 0.04482291666666667 0.7428046875000001 0.016770833333333336 0.033890625
0 0.019385416666666665 0.7414765624999999 0.015729166666666666 0.035421875000000005
