0 0.3313125 0.5979274004683841 0.024625 0.09276346604215456
2 0.7398515625000001 0.5949414519906323 0.171859375 0.1358313817330211
2 0.8690312500000001 0.6005737704918033 0.2076875 0.167423887587822
2 0.95996875 0.6105854800936767 0.08006250000000001 0.15292740046838407
2 0.5728984375 0.5946018735362997 0.15460937500000002 0.09285714285714286
2 0.6464921875 0.5976112412177986 0.131546875 0.10402810304449649
2 0.21097656250000002 0.5790398126463701 0.101609375 0.05175644028103045
2 0.27409375 0.5580327868852459 0.06021875 0.024730679156908665
2 0.013960937500000001 0.5744496487119438 0.027921875000000002 0.04468384074941452
2 0.11869531250000001 0.5718384074941453 0.046859375 0.04039812646370024
2 0.511203125 0.5759016393442623 0.17196875 0.11601873536299766
2 0.16067187500000002 0.5687822014051522 0.09215625 0.056346604215456675
2 0.071046875 0.5719555035128806 0.02028125 0.03009367681498829
2 0.0986640625 0.5699180327868852 0.048734375 0.036042154566744734
