0 0.3947734375 0.5769062500000001 0.741546875 0.8461875
0 0.10082031250000001 0.5608437500000001 0.08807812500000001 0.20714583333333333
0 0.046304687500000004 0.5359895833333332 0.061203125000000004 0.1028125
0 0.042648437500000004 0.72253125 0.08529687500000001 0.33356250000000004
0 0.007914062500000001 0.5937916666666666 0.015828125000000002 0.13358333333333333
0 0.5913984375 0.6216666666666666 0.09395312500000001 0.23404166666666668
0 0.968609375 0.6589375000000001 0.06015625 0.24845833333333334
0 0.0825859375 0.5089895833333333 0.043828125 0.09664583333333333
0 0.6278046875000001 0.68021875 0.058984375000000006 0.11685416666666668
0 0.9171953125000001 0.7711250000000001 0.139859375 0.45095833333333335
0 0.785875 0.8099062499999999 0.12096875000000001 0.3801875
