0 0.1459921875 0.6497835990888382 0.15295312500000002 0.40990888382687923
0 0.3044296875 0.6951366742596811 0.220421875 0.28539863325740317
0 0.50065625 0.6006492027334852 0.1919375 0.4074487471526196
0 0.7280546875000001 0.4571981776765376 0.068484375 0.14309794988610477
0 0.7583671875 0.43 0.037171875 0.08952164009111616
0 0.3540546875000001 0.3691799544419134 0.021046875000000003 0.043462414578587696
0 0.46015625000000004 0.35110478359908887 0.018187500000000002 0.05050113895216401
0 0.619078125 0.3230751708428246 0.01878125 0.044373576309794986
0 0.7211015625000001 0.30856492027334853 0.018078125 0.027198177676537583
0 0.24844531250000002 0.38113895216400906 0.024234375000000002 0.03234624145785877
0 0.41879687500000007 0.4064350797266515 0.032531250000000005 0.0444874715261959
0 0.28521875 0.37099088838268784 0.01734375 0.043166287015945326
0 0.5 0.24943052391799544 0.96875 0.44874715261959
