0 0.6694140625 0.8042723004694836 0.025828125000000004 0.09248826291079812
0 0.6861406250000001 0.8076643192488263 0.01728125 0.10814553990610329
0 0.846453125 0.8755985915492958 0.04934375 0.16701877934272302
0 0.8727890624999999 0.6436502347417841 0.023140625 0.09664319248826292
0 0.730625 0.789413145539906 0.039156250000000004 0.15295774647887322
0 0.9262890625000001 0.6701173708920188 0.021828125000000004 0.08004694835680752
0 0.608046875 0.7241079812206573 0.025812500000000002 0.1056338028169014
0 0.5560859375000001 0.8378403755868545 0.034515625 0.15145539906103286
0 0.747921875 0.3757511737089202 0.02409375 0.04854460093896713
0 0.7080781250000001 0.9307629107981221 0.06184375 0.13847417840375587
0 0.8978281250000001 0.695293427230047 0.049875 0.1541079812206573
0 0.6489765625 0.7763615023474177 0.024671875 0.12422535211267606
0 0.572625 0.7185093896713616 0.015343750000000001 0.08650234741784038
0 0.59140625 0.7030516431924883 0.5578125 0.22300469483568075
