0 0.6822109375000001 0.5052219626168224 0.245859375 0.6747897196261682
0 0.289296875 0.4584228971962616 0.18484375 0.6426869158878504
0 0.4020000000000001 0.9235981308411213 0.08265625 0.12135514018691587
0 0.473359375 0.8898481308411215 0.07365625 0.17806074766355137
0 0.9552812500000001 0.8683528037383178 0.06684375000000001 0.0994626168224299
0 0.5296171875 0.9330957943925233 0.074796875 0.09843457943925234
0 0.7124296875 0.878376168224299 0.07832812500000001 0.12161214953271027
0 0.788921875 0.9200584112149531 0.09084375 0.09936915887850467
0 0.4447734375 0.8351869158878505 0.058109375 0.09602803738317757
0 0.785578125 0.8670443925233645 0.07737500000000001 0.10908878504672896
0 0.6547265625 0.858376168224299 0.063328125 0.12904205607476635
0 0.5536796875 0.8787383177570093 0.11039062500000002 0.13018691588785045
0 0.2752109375 0.8757242990654205 0.083921875 0.13
0 0.5 0.8352803738317757 0.9968750000000001 0.32476635514018687
