1 0.107640625 0.7046666666666666 0.038500000000000006 0.08316666666666667
2 0.1414375 0.62696875 0.06728125 0.05397916666666667
4 0.4580546875 0.5505520833333333 0.48992187500000006 0.5100625
4 0.051515625 0.5878333333333332 0.09965625 0.16441666666666666
0 0.0329375 0.7375833333333334 0.065875 0.2445
0 0.95140625 0.7089895833333333 0.0926875 0.2494375
0 0.8143203125 0.6878854166666667 0.07595312500000001 0.19377083333333334
0 0.7293046875 0.6663958333333333 0.04095312500000001 0.13145833333333334
0 0.8453125 0.6733333333333335 0.05140625 0.174125
0 0.10571875 0.6716145833333333 0.0339375 0.12302083333333333
0 0.131640625 0.6340729166666667 0.010843750000000001 0.058770833333333335
0 0.1433359375 0.6291979166666668 0.007859375 0.05589583333333333
0 0.1528203125 0.6316458333333334 0.016859375 0.06125
0 0.5368671875 0.61446875 0.067453125 0.0666875
0 0.27259375 0.6283645833333333 0.0224375 0.0486875
0 0.467703125 0.626125 0.0286875 0.07941666666666666
