0 0.363984375 0.5743201133144475 0.49193749999999997 0.8513597733711048
0 0.0483359375 0.4235977337110482 0.094203125 0.5550708215297451
0 0.8412265625 0.3773087818696884 0.229359375 0.7443626062322947
0 0.6717890625 0.3348300283286119 0.071890625 0.15283286118980172
0 0.1400546875 0.2707790368271955 0.049578125 0.3573087818696884
0 0.149078125 0.4995467422096317 0.10209375000000001 0.22424929178470254
0 0.3091796875 0.2096600566572238 0.049640625 0.18090651558073656
0 0.4836484375 0.25555240793201134 0.066828125 0.3592634560906516
0 0.327375 0.15307365439093487 0.025781250000000002 0.10206798866855525
0 0.5978203125 0.38696883852691216 0.160984375 0.7529178470254957
0 0.9397578124999999 0.2278186968838527 0.048578125 0.33507082152974504
0 0.72365625 0.4137393767705383 0.14521875 0.15796033994334277
0 0.09859375 0.30848441926345616 0.05921875 0.35725212464589234
0 0.5007812500000001 0.3328611898016997 0.9953125 0.6487252124645893
