0 0.8890666666666668 0.42911666666666665 0.03496666666666667 0.08040000000000001
0 0.7780416666666667 0.43700833333333333 0.03598333333333333 0.08738333333333334
0 0.8181666666666668 0.4376583333333334 0.04073333333333334 0.09551666666666668
0 0.8588666666666668 0.4426833333333334 0.038000000000000006 0.09403333333333334
0 0.31485 0.46579166666666666 0.5623 0.88795
0 0.5229666666666667 0.4639916666666667 0.12173333333333335 0.30565
0 0.9169 0.5421833333333334 0.12706666666666666 0.4773
0 0.6866 0.46935000000000004 0.07863333333333333 0.11403333333333335
0 0.6654833333333334 0.40148333333333336 0.0366 0.11106666666666667
0 0.3496166666666667 0.39770000000000005 0.031733333333333336 0.11053333333333333
