0 0.11771093750000002 0.6491529411764705 0.08535937500000002 0.13176470588235292
0 0.05745312500000001 0.7865176470588234 0.11490625000000002 0.39999999999999997
0 0.6993828125000001 0.6208941176470587 0.044640625 0.09628235294117647
0 0.7476171875000001 0.6495882352941176 0.063671875 0.16289411764705883
0 0.8182968750000001 0.7190235294117647 0.08068750000000001 0.1728235294117647
0 0.8750078125 0.7138823529411765 0.07292187500000001 0.17082352941176468
0 0.8779296875 0.6397294117647058 0.045296875 0.15235294117647058
0 0.6642578125 0.4436941176470588 0.20260937499999998 0.2844235294117647
0 0.7321328125000001 0.7335411764705883 0.086578125 0.1460470588235294
0 0.9333437500000001 0.6703058823529411 0.048093750000000005 0.1672
0 0.0412734375 0.6256588235294116 0.082546875 0.1396470588235294
0 0.59296875 0.5704705882352941 0.015187500000000001 0.016188235294117646
