0 0.237109375 0.49465625 0.46412500000000007 0.9887708333333334
0 0.25050000000000006 0.9642291666666666 0.048593750000000005 0.07145833333333333
0 0.31669531250000005 0.9686145833333333 0.028734375000000003 0.06089583333333334
0 0.386375 0.9737499999999999 0.038000000000000006 0.05220833333333333
0 0.045062500000000005 0.9443333333333332 0.04303125 0.11133333333333333
0 0.44588281250000006 0.9778645833333334 0.035015625 0.044270833333333336
0 0.7360546875 0.9833229166666667 0.015484375000000002 0.03227083333333333
0 0.5354296875000001 0.9896770833333333 0.025515625 0.02014583333333333
0 0.5814843749999999 0.7001875000000001 0.24796875 0.599625
0 0.5052890625 0.98709375 0.026328125000000004 0.025812500000000002
0 0.8093984375000001 0.9723229166666667 0.036234375000000006 0.05535416666666667
0 0.28643750000000007 0.9772812499999999 0.03209375 0.043854166666666666
