2 0.89124 0.3544133333333333 0.07648 0.04530666666666666
0 0.27074000000000004 0.6513466666666666 0.17152 0.40584
0 0.5883400000000001 0.57148 0.06948 0.18290666666666666
0 0.49019 0.6011333333333333 0.06558 0.19506666666666667
0 0.5265599999999999 0.5523866666666667 0.057960000000000005 0.13693333333333332
0 0.8925599999999999 0.52284 0.05812 0.13224
0 0.62485 0.587 0.02722 0.13656
0 0.64162 0.5853466666666667 0.024640000000000002 0.1276
0 0.74969 0.5509999999999999 0.0423 0.12285333333333333
0 0.58223 0.6032933333333332 0.04998 0.12904
0 0.6634200000000001 0.5551733333333333 0.07464 0.172
0 0.41026999999999997 0.6231066666666667 0.10482 0.24359999999999998
0 0.7046100000000001 0.5352266666666666 0.05074 0.12090666666666668
0 0.37522999999999995 0.6568 0.07629999999999999 0.1888
