0 0.7715416666666667 0.6426953125 0.20675 0.6561718750000001
0 0.9209270833333333 0.7250625 0.026104166666666664 0.06346875
0 0.865375 0.7171953125 0.015666666666666666 0.015234375000000001
2 0.6615104166666668 0.7328281250000002 0.045187500000000005 0.03528125
2 0.9155833333333332 0.7313359375 0.09879166666666667 0.039171875
2 0.9717604166666667 0.7302578125000001 0.056479166666666664 0.059484375000000006
2 0.3422604166666667 0.7371484375 0.1764375 0.053203125
2 0.6791562499999999 0.7273984375000001 0.04777083333333333 0.033515625
6 0.103375 0.7084296875 0.20074999999999998 0.161796875
6 0.5850833333333333 0.730375 0.12716666666666665 0.08415625
6 0.4426875 0.7304921875 0.07833333333333334 0.038328125000000005
6 0.20198958333333333 0.7050312500000001 0.1191875 0.13368750000000001
2 0.10167708333333333 0.7064375 0.19377083333333334 0.15400000000000003
2 0.58375 0.7302187500000001 0.12204166666666666 0.08218750000000001
