4 0.5863203125 0.32125 0.364328125 0.10795833333333334
4 0.15674218750000002 0.3921354166666666 0.31348437500000004 0.32135416666666666
0 0.43253125000000003 0.6120520833333333 0.25903125 0.7758958333333333
0 0.826234375 0.6079895833333333 0.34753125 0.7556041666666666
0 0.361703125 0.5260208333333334 0.095375 0.4832083333333333
1 0.32922656250000004 0.6593645833333334 0.16473437500000002 0.2783125
1 0.10565625000000001 0.5574583333333333 0.11846875 0.2025
1 0.46179687500000005 0.8269687499999999 0.12134375 0.31910416666666663
1 0.221640625 0.5205104166666666 0.07850000000000001 0.15160416666666665
1 0.6306406250000001 0.6096874999999999 0.05675 0.18495833333333334
0 0.0795703125 0.4842916666666666 0.124859375 0.2925
0 0.220796875 0.4330625 0.06859375 0.18475000000000003
0 0.27439062500000005 0.46097916666666666 0.04384375 0.25216666666666665
0 0.30045312500000004 0.4204375 0.04528125 0.20045833333333332
0 0.6455078125 0.49887499999999996 0.08764062500000001 0.35504166666666664
0 0.692109375 0.41474999999999995 0.07437500000000001 0.21816666666666665
0 0.520375 0.40522916666666664 0.10425000000000001 0.32304166666666667
0 0.6105312500000001 0.38623958333333336 0.047281250000000004 0.1356875
0 0.455671875 0.3028645833333333 0.0571875 0.0870625
1 0.5952812500000001 0.4797708333333333 0.029593750000000002 0.13045833333333332
1 0.0158828125 0.9223541666666667 0.031765625 0.13175
1 0.7077109374999999 0.46910416666666666 0.017671875 0.11470833333333334
1 0.03 0.6553020833333333 0.056468750000000005 0.1529375
1 0.272265625 0.52759375 0.033781250000000006 0.1341875
1 0.7279375 0.5458750000000001 0.044125 0.07058333333333333
1 0.5492265625 0.5381458333333333 0.029671875 0.11916666666666667
0 0.40650781249999995 0.354875 0.050578125 0.10729166666666666
1 0.708234375 0.8727708333333334 0.08759375000000001 0.25445833333333334
1 0.48515625 0.6260416666666666 0.4109375 0.46875
0 0.46875 0.33958333333333335 0.45 0.09166666666666666
