0 0.34072 0.53876 0.048600000000000004 0.17597333333333331
0 0.63363 0.5230933333333333 0.02722 0.188
0 0.70787 0.6325866666666666 0.12134 0.49664
0 0.8253 0.6550533333333333 0.1222 0.48157333333333335
0 0.919 0.5423066666666667 0.047439999999999996 0.24210666666666666
0 0.04144 0.55964 0.07887999999999999 0.31224
0 0.48709 0.5886 0.10358 0.42306666666666665
0 0.27811 0.5099199999999999 0.06758 0.15568
0 0.20767 0.5507733333333333 0.05482 0.21818666666666664
0 0.53052 0.5308133333333334 0.04504 0.19213333333333332
0 0.13834000000000002 0.4954266666666666 0.03848 0.10616
0 0.10583000000000001 0.5093733333333332 0.04162 0.18024
0 0.39246 0.5309200000000001 0.0394 0.2124
0 0.501 0.5666666666666667 0.986 0.296
