0 0.9492708333333334 0.8232421875 0.09758333333333334 0.21414062500000003
0 0.8886666666666665 0.7433750000000001 0.09179166666666667 0.1735625
0 0.73309375 0.8503281250000001 0.09497916666666667 0.2288125
0 0.64534375 0.5008203125 0.034937499999999996 0.047453125000000006
0 0.7024270833333334 0.6532656250000001 0.09372916666666667 0.11046875
0 0.6424583333333334 0.7894296875 0.07079166666666666 0.185421875
0 0.6147499999999999 0.43687500000000007 0.03941666666666667 0.07040625
0 0.5583229166666667 0.34854687500000003 0.009895833333333333 0.01234375
0 0.6934791666666666 0.5857421875000001 0.058583333333333334 0.087296875
0 0.58853125 0.5084765625000001 0.0543125 0.06789062500000001
0 0.7201875000000001 0.7668203125000002 0.074875 0.128453125
0 0.6810104166666666 0.7333359375000001 0.051145833333333335 0.15226562500000002
0 0.67553125 0.5152734375 0.04047916666666666 0.06410937500000001
0 0.6020833333333333 0.6015625 0.17916666666666667 0.534375
