2 0.43378906250000004 0.45782291666666663 0.19792187500000002 0.14802083333333332
2 0.30369531250000004 0.45099999999999996 0.16107812500000002 0.17225000000000001
0 0.6386328125 0.5994375000000001 0.221734375 0.786125
0 0.5654531250000001 0.4775208333333333 0.10618749999999999 0.3348333333333333
0 0.31667968750000003 0.5497395833333333 0.109765625 0.33939583333333334
0 0.0914375 0.4990104166666667 0.0326875 0.10947916666666666
0 0.15567968750000002 0.4570520833333333 0.043203125 0.1818125
0 0.9625625000000002 0.5749479166666667 0.07487500000000001 0.5896875
0 0.81240625 0.5477395833333333 0.253625 0.5124791666666667
6 0.3802578125 0.35218750000000004 0.08123437500000001 0.06458333333333333
6 0.4974140625 0.3832291666666666 0.192796875 0.20020833333333332
