2 0.69125 0.5135240963855421 0.04362 0.03602409638554217
2 0.64639 0.513237951807229 0.04406 0.0325
2 0.18257 0.4731626506024097 0.05162 0.0369277108433735
2 0.26716 0.48396084337349404 0.05876 0.03370481927710844
2 0.22316999999999998 0.47560240963855427 0.0507 0.04024096385542169
2 0.12896000000000002 0.47227409638554213 0.04392 0.02677710843373494
2 0.08428000000000001 0.46966867469879514 0.034280000000000005 0.02644578313253012
6 0.81726 0.5412349397590361 0.06452 0.05367469879518073
2 0.06345 0.49587349397590363 0.033740000000000006 0.04102409638554217
2 0.85791 0.5317771084337349 0.02782 0.025662650602409638
2 0.05314 0.46391566265060247 0.026000000000000002 0.017108433734939758
