0 0.2947265625 0.5456666666666667 0.014296875 0.05475
0 0.26896093750000005 0.5421354166666668 0.007578125 0.043520833333333335
0 0.1498046875 0.5410208333333333 0.017859375 0.05554166666666666
0 0.2119296875 0.54059375 0.009265625 0.0483125
0 0.24994531250000002 0.5463645833333333 0.007234375 0.02977083333333333
0 0.3443515625 0.5441145833333334 0.010921875000000001 0.0460625
0 0.33621875 0.5433645833333334 0.00659375 0.03985416666666666
0 0.35248437499999996 0.5469479166666668 0.0075625 0.03997916666666667
0 0.3631328125 0.5496666666666667 0.007953125 0.042458333333333334
0 0.18526562500000002 0.5446458333333334 0.01728125 0.049124999999999995
