2 0.19425000000000003 0.541125 0.09931250000000001 0.08004166666666666
2 0.30946093750000003 0.5427291666666666 0.08857812500000001 0.06583333333333334
2 0.3798046875 0.5358333333333333 0.113703125 0.057666666666666665
2 0.9222578125 0.53290625 0.155484375 0.07935416666666667
0 0.4932109375 0.5170833333333333 0.113359375 0.34304166666666663
0 0.60609375 0.5592604166666666 0.152375 0.5169374999999999
2 0.3004453125 0.5091770833333333 0.061703125000000004 0.024562499999999998
2 0.8204140625000002 0.5195104166666666 0.079921875 0.0486875
2 0.09448437500000001 0.5398125 0.02734375 0.035916666666666666
2 0.9825078125000002 0.5135104166666666 0.034640625 0.03235416666666666
2 0.0132265625 0.5451666666666667 0.026453125 0.08458333333333333
