0 0.266046875 0.5450251889168766 0.31434375000000003 0.6133753148614609
0 0.80134375 0.567191435768262 0.06856250000000001 0.3276826196473552
0 0.8542812500000001 0.5194836272040303 0.052562500000000005 0.12183879093198992
0 0.48710156250000003 0.6478841309823676 0.017421875 0.05309823677581863
0 0.7252421875000001 0.6177329974811083 0.023171875 0.10060453400503777
0 0.059250000000000004 0.6461460957178842 0.00865625 0.07133501259445844
0 0.739609375 0.616536523929471 0.014937500000000001 0.10113350125944584
0 0.10680468750000001 0.6304282115869018 0.014984375000000001 0.03818639798488665
0 0.1163046875 0.648198992443325 0.017328125 0.034181360201511336
6 0.9688671874999999 0.5724307304785894 0.062265625000000005 0.14899244332493702
0 0.9721953124999999 0.6173803526448363 0.054828125000000005 0.09098236775818638
0 0.6633828125000001 0.6286775818639798 0.017546875 0.0697984886649874
0 0.4660390625000001 0.6566372795969773 0.013984375 0.03518891687657431
0 0.46953125 0.6196473551637279 0.9390625 0.1712846347607053
