0 0.38936000000000004 0.7106666666666667 0.0574 0.17008
0 0.10094 0.7562399999999999 0.07444 0.28330666666666665
0 0.23506000000000002 0.7076533333333334 0.04168 0.16741333333333333
0 0.2759 0.76416 0.07236000000000001 0.17354666666666665
0 0.43410999999999994 0.70888 0.047420000000000004 0.15664
0 0.25974 0.6542533333333334 0.04164 0.10327999999999998
0 0.20816 0.6347999999999999 0.027960000000000002 0.05637333333333333
0 0.16666999999999998 0.7602533333333332 0.08542000000000001 0.3124533333333333
0 0.05963 0.6796133333333333 0.03270000000000001 0.12898666666666667
0 0.19802 0.7137866666666667 0.04524 0.2349333333333333
0 0.03758 0.6795066666666666 0.02788 0.09879999999999999
0 0.6094700000000001 0.7415066666666666 0.0367 0.11431999999999999
0 0.7000600000000001 0.7340399999999999 0.028480000000000002 0.13186666666666666
0 0.466 0.6973333333333334 0.932 0.24266666666666667
