0 0.14282031250000002 0.7529166666666667 0.030234375000000004 0.14105555555555557
0 0.2350625 0.758263888888889 0.032718750000000005 0.11319444444444444
0 0.32614843750000005 0.7649027777777778 0.033859375000000004 0.11430555555555555
0 0.49039062499999997 0.6966805555555556 0.007656250000000001 0.04113888888888889
0 0.6723750000000002 0.7047222222222222 0.01515625 0.07283333333333333
0 0.1206875 0.7587499999999999 0.02471875 0.11816666666666667
0 0.0963515625 0.7469861111111112 0.026765625 0.11175
0 0.5946250000000001 0.7310277777777777 0.00984375 0.03588888888888889
0 0.1858984375 0.7569027777777778 0.041015625 0.14402777777777778
0 0.4578437500000001 0.7472638888888888 0.03684375 0.14197222222222222
0 0.6316406250000001 0.7185138888888888 0.01603125 0.07497222222222222
0 0.6869921875 0.7659861111111111 0.040171875 0.09225000000000001
0 0.0623203125 0.8606250000000002 0.079921875 0.16475
0 0.52109375 0.7208333333333333 0.9546875 0.2638888888888889
