2 0.9448593750000001 0.3411354166666667 0.0240625 0.015354166666666667
0 0.19675 0.5818333333333334 0.13453125 0.320625
0 0.53721875 0.6729999999999999 0.3255 0.23108333333333334
0 0.5501328125000001 0.526375 0.100109375 0.2848333333333333
0 0.8157265625000001 0.5955104166666667 0.131453125 0.40897916666666667
0 0.7203515625000001 0.5706770833333333 0.097203125 0.3888125
0 0.5171953125000001 0.34732291666666665 0.09876562500000001 0.22693750000000001
0 0.3368671875 0.4545208333333334 0.122203125 0.445375
0 0.39089843750000003 0.5517604166666668 0.120609375 0.2941875
0 0.4685546875 0.5234062500000001 0.098953125 0.30243749999999997
0 0.626125 0.57696875 0.0960625 0.32135416666666666
0 0.7276328125 0.36459375 0.093265625 0.23172916666666668
0 0.6579687500000001 0.42390625 0.07690625000000001 0.32268749999999996
0 0.5954843750000001 0.3463333333333333 0.1070625 0.219625
