0 0.690390625 0.8051153039832285 0.014968750000000001 0.049643605870020965
0 0.823640625 0.7860901467505241 0.012625 0.028616352201257862
0 0.050070312500000005 0.8246331236897275 0.015859375000000002 0.04
0 0.5740546875000001 0.7964989517819707 0.005234375 0.022893081761006292
0 0.4531171875 0.8062159329140463 0.008578125 0.027651991614255765
0 0.7752500000000001 0.7871593291404613 0.00603125 0.014612159329140461
0 0.7535625000000001 0.7919496855345912 0.00459375 0.009014675052410902
0 0.3114921875000001 0.8048322851153041 0.0064218750000000005 0.021949685534591198
0 0.589640625 0.7952935010482179 0.0063125 0.024968553459119497
0 0.4852578125 0.8111111111111112 0.008453125 0.029056603773584905
0 0.36460937500000007 0.8090146750524109 0.012843750000000001 0.02448637316561845
0 0.56571875 0.7964465408805033 0.010375 0.02329140461215933
2 0.10225000000000001 0.8162997903563942 0.05265625000000001 0.02551362683438155
2 0.5433828125 0.7969077568134172 0.021703125000000004 0.023333333333333338
