0 0.20867968750000002 0.5625312499999999 0.130859375 0.24639583333333331
0 0.3858828125 0.43405208333333334 0.082203125 0.07164583333333334
0 0.624890625 0.39930208333333334 0.022281250000000002 0.0265625
0 0.6287343750000001 0.38235416666666666 0.013906250000000002 0.0385
0 0.8740859375 0.42766666666666664 0.040578125 0.03716666666666667
0 0.7040546875 0.4056666666666667 0.024046875000000002 0.02704166666666667
0 0.7946328125000001 0.3952916666666667 0.019984375 0.07670833333333334
0 0.8986015625000001 0.38966666666666666 0.016609375000000003 0.04429166666666667
0 0.35195312500000003 0.4031458333333333 0.039718750000000004 0.05720833333333333
0 0.9028828125000001 0.42756249999999996 0.021390625 0.052375
0 0.6584062500000001 0.40365625 0.02134375 0.028895833333333332
0 0.7761015625000001 0.39526041666666667 0.018234375 0.06460416666666667
0 0.2736484375 0.41328125 0.048828125 0.06827083333333334
0 0.6179687500000001 0.41770833333333335 0.7609375 0.10625
