0 0.010320312500000001 0.5382159624413145 0.006203125 0.01812206572769953
0 0.0496796875 0.5456807511737088 0.005640625 0.009436619718309858
0 0.0765625 0.5449178403755869 0.0073437500000000005 0.013685446009389672
0 0.210796875 0.556056338028169 0.00825 0.01215962441314554
0 0.2337421875 0.5553990610328638 0.005203125 0.013943661971830987
0 0.246140625 0.5567840375586856 0.0064375000000000005 0.012253521126760564
0 0.273125 0.5589671361502347 0.00615625 0.00863849765258216
0 0.09175781250000001 0.545962441314554 0.009765625 0.016619718309859154
0 0.028312500000000004 0.5432629107981221 0.0074687500000000006 0.012347417840375586
0 0.32203906250000003 0.564906103286385 0.004265625 0.008544600938967136
0 0.055875 0.5439319248826291 0.0061875 0.013591549295774647
0 0.08560937500000002 0.5467605633802818 0.00809375 0.01460093896713615
0 0.38226562500000005 0.5685211267605634 0.00665625 0.009295774647887323
0 0.39609375 0.5786384976525821 0.5515625000000001 0.08685446009389672
