0 0.604609375 0.45240165631469986 0.17153125000000002 0.33188405797101456
0 0.16936718750000002 0.31406832298136644 0.042671875 0.08739130434782609
0 0.09264843750000001 0.3106625258799172 0.026265625 0.07113871635610766
2 0.7750234375 0.2624741200828158 0.133671875 0.03364389233954452
2 0.51153125 0.3854554865424431 0.155375 0.1432505175983437
0 0.062226562500000006 0.35474120082815735 0.038515625 0.1411594202898551
6 0.255828125 0.36666666666666675 0.3816875 0.2031055900621118
2 0.7884453125 0.37506211180124227 0.28885937500000003 0.1504554865424431
4 0.8785000000000001 0.2497929606625259 0.1749375 0.0972256728778468
2 0.8853515625 0.35384057971014493 0.229296875 0.15786749482401657
2 0.78646875 0.3301656314699793 0.28765625 0.1163561076604555
