0 0.32346874999999997 0.6456796116504854 0.2330625 0.7084466019417475
0 0.5574296875 0.10348300970873785 0.035296875 0.20507281553398055
0 0.3367890625 0.09668689320388349 0.098546875 0.19133495145631066
0 0.2615 0.0953883495145631 0.08553125 0.1907766990291262
0 0.6023437500000001 0.10459951456310679 0.08146875 0.20919902912621358
0 0.13861718750000002 0.09330097087378639 0.07745312500000001 0.18660194174757277
0 0.9526953125000001 0.06576456310679611 0.08264062500000001 0.13152912621359222
0 0.87859375 0.06396844660194174 0.07943750000000001 0.1279368932038835
0 0.8346328125 0.14714805825242716 0.055421875 0.1486650485436893
0 0.1986953125 0.09661407766990292 0.074296875 0.1915776699029126
0 0.42437500000000006 0.1008373786407767 0.08340625000000002 0.19978155339805825
0 0.3403828125 0.40660194174757275 0.289265625 0.4420388349514563
