0 0.3228515625 0.4907226107226107 0.019953125000000002 0.1413986013986014
0 0.4707265625 0.7123543123543125 0.218421875 0.5752913752913753
0 0.7078203125 0.46839160839160837 0.014703125000000001 0.06699300699300699
0 0.727546875 0.4978088578088578 0.0469375 0.11333333333333333
0 0.6795390625 0.4774358974358974 0.011171875000000001 0.023776223776223775
0 0.6460390625 0.478030303030303 0.019203125 0.05629370629370629
0 0.565546875 0.4742074592074592 0.013125000000000001 0.03391608391608392
0 0.5421640625 0.47351981351981354 0.010390625 0.03641025641025641
0 0.603671875 0.47631701631701634 0.004968750000000001 0.025221445221445222
0 0.89603125 0.47110722610722616 0.0083125 0.03638694638694639
0 0.856453125 0.7487529137529139 0.28709375000000004 0.5024941724941725
0 0.6245234375000001 0.4761421911421911 0.005703125 0.03573426573426573
0 0.4054062500000001 0.5287179487179487 0.054000000000000006 0.14023310023310023
0 0.44140625 0.4801864801864802 0.8046875 0.07925407925407925
