0 0.562359375 0.5428922716627634 0.24084375 0.8825995316159251
0 0.49613281249999996 0.23415690866510538 0.080921875 0.1653161592505855
0 0.13309374999999998 0.48571428571428565 0.26578125 0.7105386416861826
0 0.42685937500000004 0.6217213114754099 0.1993125 0.7565573770491804
0 0.6425703125000001 0.2244262295081967 0.09848437500000001 0.29779859484777516
0 0.43215625 0.3471896955503513 0.11890624999999999 0.3123185011709602
0 0.8780859375000001 0.42532786885245905 0.14870312500000002 0.2529508196721312
0 0.9465390625000002 0.5560538641686182 0.10692187500000001 0.865456674473068
0 0.9210859375 0.2935128805620609 0.047984375 0.12754098360655738
0 0.26248437500000005 0.4369086651053864 0.16668750000000002 0.4845901639344262
0 0.958078125 0.4255386416861827 0.04775 0.1113583138173302
