0 0.33792 0.8707866666666667 0.67584 0.2359733333333333
0 0.41727 0.19034666666666664 0.16998 0.3736
0 0.79335 0.2536 0.0843 0.18528
0 0.05983000000000001 0.5026933333333333 0.10954000000000001 0.7685333333333333
0 0.28463 0.38625333333333334 0.22130000000000002 0.32882666666666666
0 0.64531 0.2548666666666667 0.13618000000000002 0.11330666666666667
0 0.52442 0.27166666666666667 0.054200000000000005 0.035493333333333335
0 0.65127 0.6369066666666666 0.14526 0.18063999999999997
0 0.36746 0.41626666666666673 0.056159999999999995 0.18714666666666668
0 0.18119 0.3933466666666666 0.057659999999999996 0.18994666666666668
0 0.7245199999999999 0.6507866666666666 0.05552000000000001 0.13266666666666665
0 0.73472 0.28287999999999996 0.063 0.11242666666666665
