0 0.2591875 0.4421009389671362 0.122 0.3728403755868545
0 0.7074296875 0.45281690140845066 0.062328125000000005 0.18098591549295773
0 0.6065078125000001 0.41205399061032866 0.019640625000000002 0.06152582159624413
0 0.58390625 0.4643075117370892 0.029281249999999998 0.15199530516431925
0 0.5463125 0.4565023474178404 0.03690625 0.17192488262910796
0 0.5159296875 0.4682159624413146 0.030796875 0.14375586854460096
0 0.48617968750000007 0.46510563380281694 0.030828125 0.15194835680751176
0 0.8248203125 0.4647300469483568 0.033984375000000004 0.1238262910798122
0 0.8008515625 0.46149061032863853 0.020578125000000003 0.0661267605633803
0 0.35142968750000003 0.4014906103286385 0.08326562500000001 0.23223004694835683
0 0.43278125000000006 0.4560680751173709 0.02784375 0.12636150234741783
0 0.9662343750000002 0.4901760563380282 0.038125 0.11603286384976526
0 0.7066953125000001 0.3891549295774648 0.035265625 0.07699530516431924
0 0.5 0.4460093896713615 0.9968750000000001 0.215962441314554
