0 0.7026643192488262 0.6169296875 0.3412910798122065 0.708234375
0 0.4608333333333333 0.62584375 0.2734507042253521 0.62246875
0 0.11791079812206573 0.37585937500000005 0.07093896713615024 0.20115625000000004
0 0.8176760563380283 0.35378125000000005 0.0723943661971831 0.10875
0 0.6023708920187794 0.3700390625 0.08896713615023474 0.084203125
0 0.9757511737089201 0.33160937500000004 0.04849765258215963 0.06803125
0 0.9571830985915494 0.3367265625 0.03450704225352112 0.09082812500000001
0 0.924131455399061 0.384796875 0.07901408450704225 0.180625
0 0.0397887323943662 0.445234375 0.07713615023474178 0.1393125
0 0.37354460093896713 0.396421875 0.07455399061032865 0.16740625
0 0.342406103286385 0.34010937500000005 0.02171361502347418 0.054656249999999997
0 0.8428755868544601 0.289796875 0.014107981220657278 0.011562500000000002
0 0.40328638497652586 0.3974609375 0.08389671361502347 0.13473437500000002
