0 0.72040625 0.21797423887587822 0.06746875000000001 0.26517564402810306
0 0.3976953125 0.7111826697892272 0.21439062500000003 0.2376814988290398
0 0.6321093750000001 0.626615925058548 0.18359375 0.344519906323185
0 0.5966640625 0.2468384074941452 0.066921875 0.2356440281030445
0 0.11004687500000002 0.1985128805620609 0.06071875 0.06185011709601874
0 0.408453125 0.30779859484777516 0.051562500000000004 0.10594847775175645
0 0.17902343750000002 0.18169789227166278 0.067171875 0.08259953161592506
0 0.23585937500000004 0.13217798594847774 0.09693750000000001 0.10796252927400468
0 0.24928906250000005 0.17940281030444966 0.067359375 0.07238875878220141
0 0.1893046875 0.09434426229508196 0.05367187500000001 0.08269320843091335
0 0.07194531250000001 0.1500936768149883 0.058953124999999995 0.10800936768149882
0 0.251828125 0.6654683840749415 0.14296875 0.3222248243559719
0 0.8894062500000001 0.26569086651053864 0.0834375 0.15039812646370024
