4 0.7493984375 0.5786480186480186 0.37507812500000004 0.42023310023310023
0 0.0436796875 0.508997668997669 0.087359375 0.24494172494172495
0 0.1476171875 0.7191025641025641 0.295234375 0.5393240093240094
0 0.484625 0.5444522144522145 0.050875000000000004 0.07263403263403263
0 0.8350234375 0.7352680652680653 0.10135937500000002 0.3701631701631702
0 0.6342109375 0.5981351981351982 0.030671875 0.18242424242424243
0 0.7422968750000001 0.5551165501165501 0.027312500000000003 0.05442890442890443
0 0.29410937500000006 0.6106410256410256 0.0401875 0.2334965034965035
0 0.2496953125 0.632004662004662 0.031484375 0.22205128205128205
0 0.22602343749999998 0.6467482517482517 0.044578125 0.26897435897435895
0 0.5798671875 0.6949300699300699 0.052890625000000004 0.2606759906759907
0 0.27857031250000003 0.85495337995338 0.12470312500000001 0.2900932400932401
4 0.38600781250000005 0.5458974358974359 0.35135937500000003 0.34811188811188815
