0 0.45146875000000003 0.5457109375 0.7464375000000001 0.8848906250000002
0 0.91596875 0.32279687500000004 0.0458125 0.10528124999999999
0 0.03335416666666667 0.32599218750000003 0.051291666666666666 0.16232812500000002
0 0.8722291666666667 0.32706250000000003 0.02725 0.06896875000000001
0 0.8185416666666667 0.32399218750000003 0.027999999999999997 0.047671875
0 0.9571458333333334 0.326546875 0.060333333333333336 0.1211875
0 0.125 0.296875 0.16666666666666666 0.46875
0 0.8407916666666667 0.31619531250000005 0.024666666666666667 0.028578125
0 0.7997395833333333 0.34608593750000005 0.040562499999999994 0.034765625
0 0.8329687499999999 0.3439765625 0.05739583333333333 0.046671875
0 0.987 0.30057031250000005 0.026 0.205421875
