0 0.690875 0.5056354166666667 0.27365625 0.8918958333333333
0 0.5530859375 0.7322187499999999 0.16798437500000002 0.5256041666666667
0 0.28553125 0.20959374999999997 0.031218750000000003 0.12477083333333333
0 0.3295625 0.14634375 0.01225 0.047562499999999994
0 0.4048046875 0.18897916666666664 0.04145312500000001 0.12316666666666666
0 0.23427343750000001 0.5810937499999999 0.37826562500000005 0.8139791666666666
0 0.9046953125 0.19435416666666666 0.038609375 0.06225
0 0.34392968749999997 0.18277083333333333 0.017015625000000003 0.08854166666666667
0 0.367140625 0.16254166666666667 0.01940625 0.06016666666666667
0 0.4867578125 0.16919791666666667 0.013734375 0.0706875
0 0.5040703125 0.164875 0.025703125 0.08033333333333334
0 0.097125 0.22373958333333333 0.025468750000000002 0.09056249999999999
0 0.5390625 0.16912499999999997 0.03690625 0.11170833333333333
0 0.47187500000000004 0.15625 0.915625 0.3125
