0 0.35624121779859486 0.6233124999999999 0.5226463700234192 0.5715312499999999
0 0.5393208430913349 0.3279609375 0.1024824355971897 0.149828125
0 0.8925644028103045 0.36628906250000004 0.12798594847775174 0.094390625
0 0.16115925058548008 0.22753125000000002 0.20812646370023422 0.18515625000000002
0 0.37350117096018737 0.323546875 0.12002341920374707 0.12150000000000001
0 0.731791569086651 0.32143750000000004 0.13477751756440282 0.11212500000000002
0 0.6388173302107729 0.2742265625 0.13192037470725995 0.15526562500000002
0 0.6150351288056206 0.3644140625 0.1987822014051522 0.110640625
0 0.31633489461358316 0.21426562500000002 0.12962529274004683 0.15787500000000002
0 0.14151053864168617 0.37341406250000003 0.14985948477751757 0.10973437500000001
0 0.28229508196721315 0.3781875 0.13714285714285715 0.09709375
0 0.7390046838407495 0.21400000000000002 0.12358313817330212 0.13634375
0 0.9245550351288055 0.2725859375 0.15056206088992977 0.273671875
0 0.5386416861826698 0.27968750000000003 0.7213114754098361 0.28125
