1 0.19282812500000002 0.4698474178403756 0.371375 0.6137323943661972
1 0.93675 0.7990962441314554 0.12628124999999998 0.4018075117370892
1 0.9050781250000001 0.4969953051643193 0.18815625000000002 0.8950704225352113
1 0.8189531250000001 0.4670774647887324 0.18756250000000002 0.5596009389671361
1 0.7967421875 0.537887323943662 0.20364062500000002 0.42323943661971836
1 0.6949921875 0.5479812206572771 0.082078125 0.30769953051643195
1 0.48883593750000004 0.4430046948356808 0.070140625 0.18924882629107984
1 0.6126328125 0.4420305164319249 0.108578125 0.24809859154929578
1 0.33878125000000003 0.4135680751173709 0.1755 0.3563380281690141
1 0.6518515625000001 0.45442488262910796 0.133609375 0.28880281690140847
1 0.693453125 0.4271244131455399 0.1726875 0.3178638497652582
1 0.8452031250000002 0.5539201877934273 0.14003125000000002 0.4195305164319249
1 0.37112500000000004 0.5050352112676056 0.03525 0.20960093896713616
1 0.49843750000000003 0.38028169014084506 0.9968750000000001 0.7605633802816901
