2 0.15484375000000003 0.40667708333333336 0.08240625000000001 0.029812500000000002
2 0.04529687500000001 0.4131458333333333 0.08475 0.0405
0 0.0925859375 0.45028124999999997 0.029703125000000004 0.0550625
0 0.06699218750000001 0.44779166666666664 0.023046875 0.043458333333333335
0 0.32932031250000005 0.46109374999999997 0.029390625 0.08777083333333334
2 0.1038828125 0.40599999999999997 0.042546875000000005 0.03283333333333333
2 0.22587500000000002 0.40501041666666665 0.0236875 0.021520833333333333
0 0.4674296875000001 0.4795416666666667 0.029828125 0.019874999999999997
0 0.09469531250000002 0.44099999999999995 0.016453125 0.021791666666666668
0 0.03827343750000001 0.4272708333333333 0.015046875000000001 0.042166666666666665
