0 0.6503046875 0.5529882352941177 0.117328125 0.6299764705882352
0 0.44022656250000003 0.6078588235294117 0.18504687500000003 0.7617882352941175
0 0.386046875 0.4033647058823529 0.034499999999999996 0.11134117647058822
0 0.34228125000000004 0.48634117647058817 0.04409375 0.09390588235294116
0 0.17813281250000002 0.7296117647058823 0.10457812500000002 0.3413882352941176
0 0.17602343750000002 0.4978823529411764 0.072484375 0.2469176470588235
0 0.3140390625 0.6755058823529412 0.073453125 0.41308235294117646
0 0.5565 0.40190588235294117 0.17190625 0.2080470588235294
0 0.9377421875 0.49999999999999994 0.124515625 0.9462117647058822
0 0.074609375 0.6365411764705882 0.14921875 0.6105411764705883
