1 0.6021640625 0.6430857740585774 0.10973437500000001 0.12997907949790793
0 0.5856328125 0.5652510460251046 0.061828125000000005 0.18790794979079495
0 0.2176953125 0.7197280334728032 0.261234375 0.5605439330543932
0 0.5138203125 0.5522698744769874 0.071609375 0.16403765690376568
0 0.6689140625000001 0.5271025104602509 0.026984375 0.0953347280334728
0 0.8428125000000002 0.5286506276150627 0.0248125 0.0953765690376569
0 0.401875 0.5510669456066946 0.079625 0.18389121338912134
6 0.8142890625 0.5027928870292887 0.26992187500000003 0.15165271966527194
0 0.38607812500000005 0.4839644351464435 0.039656250000000004 0.0660041841004184
0 0.5584453125 0.4878765690376568 0.011546875 0.01834728033472803
0 0.49619531250000004 0.4999790794979079 0.016765625000000003 0.038870292887029284
0 0.0143984375 0.52331589958159 0.027765625000000002 0.08939330543933054
2 0.45937500000000003 0.5324267782426778 0.09115625000000001 0.07430962343096234
