0 0.6297578125000001 0.40585239085239083 0.154484375 0.2981081081081081
0 0.553 0.43940748440748445 0.02746875 0.10675675675675676
0 0.5012265625000001 0.4447193347193348 0.024796875 0.08765072765072765
0 0.7530078125 0.4347401247401248 0.022078125000000004 0.1002910602910603
0 0.8174296875000002 0.45768191268191266 0.029109375 0.05577962577962578
0 0.9241015625 0.44771309771309775 0.017203125 0.06532224532224533
0 0.1344296875 0.43330561330561335 0.032078125000000006 0.09185031185031185
2 0.44301562499999997 0.4479002079002079 0.019625000000000004 0.011517671517671519
2 0.5728828125 0.45086278586278583 0.014421875 0.011330561330561331
0 0.070703125 0.4571621621621622 0.026437500000000003 0.04908523908523909
2 0.3922109375 0.4527754677754678 0.009265625 0.00995841995841996
0 0.35084375 0.5012370062370063 0.0295 0.08147609147609147
0 0.9046093750000002 0.428991683991684 0.021718750000000002 0.07860706860706862
0 0.5258359375 0.434054054054054 0.033828125 0.10453222453222454
0 0.7779765625000001 0.43709979209979205 0.024578125000000003 0.09594594594594595
2 0.2791484375 0.4473804573804574 0.021171875000000003 0.013679833679833681
0 0.20558593749999998 0.41497920997921 0.023671875000000002 0.07677754677754678
0 0.49921875000000004 0.4708939708939709 0.9984375000000001 0.18087318087318088
