0 0.356135831381733 0.53715625 0.5975175644028102 0.5630625
0 0.4667798594847775 0.6431718750000001 0.032014051522248246 0.065625
0 0.6515573770491804 0.6336953125 0.027142857142857142 0.058328125
0 0.315 0.6486171875000001 0.049765807962529274 0.077921875
0 0.2506440281030445 0.6532343750000001 0.03749414519906324 0.07375000000000001
0 0.1453629976580796 0.6505937500000001 0.04374707259953162 0.08687500000000001
0 0.0423536299765808 0.6489375000000001 0.034918032786885246 0.09090625000000001
0 0.8357494145199064 0.6148359375000001 0.04503512880562061 0.071578125
0 0.4150234192037471 0.6451796875000001 0.05121779859484778 0.071984375
0 0.2878688524590164 0.6642031250000001 0.03775175644028103 0.05284375
0 0.37649882903981263 0.6543359375 0.033278688524590164 0.050984375000000005
0 0.5638875878220141 0.6414375 0.032646370023419205 0.0621875
0 0.10127634660421547 0.6502187500000001 0.0656440281030445 0.094
0 0.734192037470726 0.625 0.14285714285714285 0.07187500000000001
