2 0.10882031250000002 0.429537037037037 0.146328125 0.09004629629629629
2 0.25417968750000003 0.434849537037037 0.167546875 0.0930324074074074
2 0.8376328125000001 0.41586805555555556 0.058984375000000006 0.05354166666666666
0 0.402578125 0.6266782407407407 0.10896875 0.6165972222222222
0 0.6011171875000001 0.4438194444444444 0.034484375000000005 0.09749999999999999
0 0.58790625 0.43173611111111104 0.019218750000000003 0.08087962962962962
6 0.9223359375000002 0.40479166666666666 0.10023437500000001 0.14222222222222222
6 0.6775156250000001 0.42386574074074074 0.08965625 0.09240740740740741
0 0.30038281250000004 0.4362152777777778 0.020109375 0.10266203703703704
2 0.018687500000000003 0.43971064814814814 0.037375000000000005 0.0741898148148148
2 0.7656875 0.4210416666666666 0.07896875 0.07236111111111111
