0 0.5892968749999999 0.58059375 0.20125000000000004 0.3498958333333333
0 0.786015625 0.5856041666666667 0.153625 0.312
0 0.89475 0.33567708333333335 0.0710625 0.08285416666666667
0 0.8263671875 0.3234375 0.067453125 0.09020833333333332
0 0.7424921875 0.2813958333333333 0.070203125 0.1005
0 0.669234375 0.2829583333333333 0.06778125 0.08241666666666667
0 0.3859296875 0.3118854166666667 0.075671875 0.3609791666666667
0 0.95725 0.3468541666666667 0.05909375 0.057958333333333334
0 0.8075078124999999 0.28097916666666667 0.068328125 0.10166666666666666
0 0.9052421875000001 0.5852083333333333 0.150484375 0.3185
0 0.5881796874999999 0.2789375 0.069828125 0.09858333333333333
0 0.5066953125000001 0.19840625 0.07532812500000001 0.15327083333333333
0 0.17704687500000002 0.2782395833333333 0.09696875 0.1044375
0 0.53828125 0.175 0.9203125000000001 0.35
