0 0.5191015625000001 0.52290625 0.394390625 0.7146041666666666
0 0.6925 0.44523958333333336 0.11012500000000001 0.47910416666666666
0 0.986625 0.2880625 0.025437500000000002 0.05466666666666666
2 0.79415625 0.23690625 0.0174375 0.0116875
2 0.745078125 0.23766666666666666 0.02021875 0.013833333333333333
2 0.8559843750000001 0.23684375 0.02071875 0.0169375
2 0.9302343750000001 0.23835416666666664 0.01915625 0.01275
2 0.9109140625000001 0.23816666666666667 0.012546874999999999 0.009416666666666665
0 0.99734375 0.2858541666666667 0.004812500000000001 0.038125
2 0.8380859375 0.22619791666666664 0.015109375000000001 0.010437499999999999
