2 0.14321875 0.7288333333333333 0.0919375 0.10711111111111112
2 0.407828125 0.748236111111111 0.0554375 0.06508333333333334
2 0.08815625 0.7345416666666666 0.0398125 0.07136111111111111
2 0.50996875 0.7662083333333333 0.045500000000000006 0.03797222222222223
2 0.1994296875 0.7545000000000001 0.026953125 0.05288888888888889
0 0.711109375 0.7276666666666667 0.01953125 0.10133333333333333
0 0.6549921875 0.7481388888888889 0.018234375 0.05038888888888889
2 0.21850000000000003 0.7638055555555555 0.016625 0.028277777777777777
6 0.3846953125 0.7243194444444444 0.05567187500000001 0.11447222222222223
2 0.033625 0.7403750000000001 0.06725 0.08786111111111111
2 0.4443515625 0.7596805555555556 0.010140625 0.026805555555555558
2 0.47496875000000005 0.7780277777777778 0.011250000000000001 0.015722222222222224
