0 0.63053738317757 0.33289062500000005 0.19878504672897193 0.20878125000000003
0 0.501214953271028 0.2951484375 0.1478971962616822 0.14889062500000003
0 0.391518691588785 0.2867265625 0.0861214953271028 0.123515625
0 0.3342757009345794 0.32391406250000004 0.12654205607476635 0.090890625
0 0.24204439252336446 0.5756171875000001 0.19030373831775702 0.134703125
0 0.18919392523364484 0.3572578125 0.14366822429906542 0.11429687500000002
0 0.867429906542056 0.31174999999999997 0.041495327102803736 0.037437500000000005
0 0.3186331775700934 0.2666171875 0.0655841121495327 0.078203125
0 0.6635397196261682 0.27515625 0.08067757009345794 0.09559375
0 0.621553738317757 0.22566406250000004 0.07511682242990653 0.038328125000000005
