4 0.505328125 0.445946261682243 0.47143750000000006 0.4797429906542056
0 0.5116328125 0.4145210280373832 0.047265625000000006 0.08609813084112149
2 0.15390625000000002 0.49299065420560745 0.0661875 0.05149532710280373
2 0.22008593750000005 0.4848014018691589 0.108796875 0.05352803738317757
2 0.2385 0.46387850467289715 0.07640625000000001 0.02714953271028037
2 0.0203671875 0.5033995327102803 0.040734375 0.05815420560747663
2 0.05858593750000001 0.4960630841121495 0.11664062500000001 0.04988317757009346
2 0.0811953125 0.47690420560747654 0.049140625 0.015537383177570092
2 0.10117187500000001 0.4772196261682243 0.030343750000000003 0.01172897196261682
2 0.1459296875 0.4667640186915888 0.046640625000000005 0.02380841121495327
2 0.9670781250000001 0.43871495327102805 0.01740625 0.011028037383177569
