0 0.33100999999999997 0.7726946107784431 0.22166 0.42377245508982037
0 0.08782 0.7831437125748504 0.1246 0.40676646706586833
0 0.9493199999999999 0.7154640718562875 0.10136 0.3597904191616767
0 0.90782 0.8001946107784431 0.18304 0.39188622754491015
0 0.50438 0.7213473053892215 0.14412 0.3011377245508982
0 0.76269 0.6488023952095808 0.046579999999999996 0.08479041916167665
0 0.57202 0.6461676646706587 0.03412 0.08005988023952096
0 0.63113 0.6835628742514971 0.11782 0.25568862275449106
0 0.74353 0.6313473053892216 0.01934 0.07323353293413175
0 0.54717 0.6164071856287426 0.019420000000000003 0.07233532934131737
0 0.41117000000000004 0.6823053892215569 0.12722 0.0770059880239521
0 0.19969 0.7725149700598802 0.03782 0.10676646706586826
