2 0.8607109375 0.37454423592493297 0.166796875 0.1674798927613941
2 0.54709375 0.31478552278820376 0.018593750000000003 0.09284182305630027
6 0.6052500000000001 0.29794906166219837 0.10584375 0.21300268096514746
0 0.3163984375 0.5829624664879357 0.217078125 0.6930026809651475
0 0.5237812500000001 0.32967828418230566 0.042125 0.14005361930294907
0 0.432390625 0.3273324396782842 0.028781250000000005 0.12560321715817696
0 0.47339843750000005 0.3179490616621984 0.026703125 0.11343163538873996
0 0.5033906250000001 0.29958445040214476 0.012875000000000001 0.057935656836461125
0 0.5324453125 0.3441286863270777 0.015296875 0.07404825737265416
0 0.877171875 0.3149597855227882 0.012687499999999999 0.020857908847184987
0 0.4584531250000001 0.29886058981233243 0.007718750000000001 0.04951742627345844
6 0.9624921875000001 0.3257104557640751 0.075015625 0.16777479892761393
6 0.8605156250000001 0.2787533512064343 0.1078125 0.04721179624664879
2 0.7948671875000001 0.3109517426273459 0.024515625 0.05616621983914209
2 0.4993359375 0.2786461126005362 0.027328124999999998 0.039061662198391425
0 0.48716406250000005 0.2982171581769437 0.009890625 0.06050938337801609
2 0.991234375 0.4995174262734584 0.01753125 0.15490616621983916
