0 0.5951171875 0.7668813131313132 0.14098437500000002 0.46547979797979805
0 0.7557031250000001 0.7528030303030304 0.14878125 0.35505050505050506
0 0.41684374999999996 0.8556944444444444 0.19959375000000001 0.28861111111111115
0 0.29374218750000003 0.8454797979797981 0.060703125000000004 0.30904040404040406
0 0.3288359375 0.8815025252525253 0.082828125 0.23497474747474748
0 0.25678125 0.8944570707070709 0.06778125 0.2110858585858586
0 0.19775781250000002 0.8701641414141416 0.067078125 0.25967171717171716
0 0.8991640624999999 0.8882828282828283 0.102890625 0.20444444444444446
0 0.502296875 0.8545580808080809 0.03875000000000001 0.14891414141414142
0 0.09455468750000001 0.85729797979798 0.17520312500000002 0.26292929292929296
0 0.33046875000000003 0.7676767676767677 0.025093749999999998 0.023383838383838385
0 0.9474062499999999 0.8947979797979798 0.10446875 0.20520202020202022
0 0.0284140625 0.8705681818181819 0.056265625 0.22977272727272727
0 0.659375 0.8497474747474748 0.39687500000000003 0.29545454545454547
