0 0.45504901960784316 0.8382107843137255 0.11032679738562091 0.19743464052287582
0 0.7135784313725491 0.8391339869281045 0.08065359477124183 0.13395424836601308
0 0.1625653594771242 0.2247875816993464 0.01238562091503268 0.01431372549019608
0 0.7057189542483661 0.3287826797385621 0.015424836601307189 0.021552287581699345
0 0.2207843137254902 0.5754248366013072 0.06990196078431372 0.10500000000000001
0 0.693186274509804 0.4687990196078431 0.03555555555555556 0.05070261437908497
0 0.9100735294117648 0.5165359477124183 0.06400326797385622 0.07150326797385621
0 0.12743464052287584 0.6008660130718955 0.05996732026143792 0.07107843137254902
0 0.3420996732026144 0.46197712418300657 0.028611111111111115 0.055359477124183015
0 0.47724673202614376 0.3161846405228758 0.00965686274509804 0.008611111111111111
0 0.5232434640522876 0.4510702614379085 0.020441176470588237 0.04642156862745098
0 0.8318545751633988 0.8585784313725491 0.21400326797385621 0.1888562091503268
0 0.9082761437908498 0.27725490196078434 0.011323529411764706 0.019183006535947712
0 0.4991830065359477 0.5776143790849674 0.9983660130718954 0.8415032679738562
