2 0.45727343750000005 0.7559791122715404 0.063046875 0.046736292428198434
2 0.38425000000000004 0.7313054830287206 0.02459375 0.036292428198433424
4 0.48075781250000005 0.7072062663185379 0.155328125 0.11378590078328982
0 0.288828125 0.6978459530026109 0.1609375 0.5914099216710182
2 0.38572656250000004 0.6494778067885117 0.022765625 0.027049608355091383
2 0.3700625 0.6416971279373368 0.017687500000000002 0.017806788511749348
2 0.44674218750000005 0.640953002610966 0.033390625 0.01845953002610966
2 0.37075 0.7222193211488251 0.033625 0.060626631853785896
2 0.40953906250000005 0.6574934725848564 0.028578125 0.031227154046997392
2 0.17748437500000003 0.7567754569190601 0.07459375 0.06592689295039164
