0 0.8897578125000001 0.5898958333333333 0.131546875 0.2987083333333333
0 0.9438203125 0.12210416666666667 0.091015625 0.23145833333333332
0 0.821359375 0.10230208333333332 0.12409375 0.20460416666666664
0 0.5308984375 0.07795833333333334 0.161796875 0.13483333333333333
0 0.7398906250000001 0.6247291666666667 0.205625 0.23370833333333335
0 0.29915625 0.03820833333333334 0.1028125 0.07191666666666667
0 0.2040546875 0.05353125 0.061390625000000004 0.1070625
0 0.6734375 0.09929166666666665 0.06321875 0.13295833333333335
0 0.716296875 0.028093749999999997 0.07753125 0.04718749999999999
0 0.6067265625 0.08509375 0.10985937500000001 0.1701875
0 0.49292187500000006 0.52746875 0.2270625 0.3421875
0 0.8855078125000001 0.1391041666666667 0.09285937500000001 0.16229166666666667
0 0.3678359375 0.03897916666666667 0.034484375000000005 0.07795833333333334
0 0.46015625000000004 0.05 0.1328125 0.1
