0 0.5367890625 0.6167361111111112 0.126765625 0.6968611111111112
0 0.6621328125000001 0.5484722222222222 0.06810937500000001 0.4192777777777778
0 0.8374140625000002 0.6554027777777778 0.136828125 0.6193611111111111
0 0.425109375 0.47277777777777774 0.056531250000000005 0.2564444444444444
0 0.26102343749999996 0.6079722222222222 0.118296875 0.5523888888888889
0 0.182125 0.46075000000000005 0.037187500000000005 0.21983333333333335
0 0.15238281250000002 0.4692916666666667 0.033921875000000004 0.20758333333333334
0 0.6104609375000001 0.5846527777777778 0.101640625 0.5523611111111111
0 0.253515625 0.4789861111111111 0.05565625 0.2300277777777778
0 0.047140625 0.4603055555555556 0.04153125 0.17911111111111114
0 0.068078125 0.4227083333333334 0.024875 0.12530555555555556
0 0.53328125 0.5727083333333334 0.08518750000000001 0.5158055555555555
0 0.32048437500000004 0.6152222222222223 0.08750000000000001 0.5631111111111111
0 0.51328125 0.6111111111111112 0.8734375000000001 0.5222222222222223
