0 0.6850770925110132 0.35600000000000004 0.2758810572687225 0.5856250000000001
0 0.4371696035242291 0.47684375 0.41182819383259917 0.8292187500000001
0 0.12037444933920707 0.2619453125 0.22176211453744496 0.514609375
0 0.9261013215859033 0.9398359375 0.1477092511013216 0.12032812500000001
0 0.855649779735683 0.168921875 0.2000220264317181 0.33559375
0 0.7493942731277533 0.1145625 0.09865638766519824 0.18059375
0 0.6330286343612335 0.0364296875 0.10187224669603526 0.069703125
0 0.5505176211453745 0.034109375 0.08649779735682821 0.06821875
0 0.03363436123348018 0.21713281250000002 0.06726872246696036 0.38607812500000005
0 0.9848678414096917 0.08471093750000001 0.030264317180616743 0.079578125
0 0.40027533039647584 0.040742187500000006 0.11834801762114538 0.066671875
0 0.2550440528634362 0.0651015625 0.08691629955947137 0.130203125
0 0.30540748898678416 0.3111640625 0.24385462555066081 0.580796875
0 0.5 0.08671875000000001 0.9955947136563877 0.17343750000000002
