0 0.575734375 0.5011241217798594 0.46478125 0.930351288056206
0 0.10671875 0.5897072599531616 0.19553125000000002 0.5122950819672131
0 0.6927265625 0.08107728337236533 0.096171875 0.15540983606557376
0 0.935578125 0.622470725995316 0.11171875 0.4572599531615925
0 0.46888281249999997 0.7262295081967214 0.082828125 0.23873536299765807
0 0.9842031250000001 0.48096018735363 0.029937500000000002 0.03878220140515222
0 0.8785859375000001 0.09677985948477752 0.095953125 0.19327868852459015
2 0.257515625 0.1737704918032787 0.09059375 0.06566744730679157
2 0.8186796875000001 0.15999999999999998 0.111453125 0.07058548009367682
0 0.9897109375000002 0.09199063231850117 0.020578125000000003 0.18398126463700235
