0 0.80534375 0.7251562500000001 0.07202083333333334 0.20775000000000002
0 0.25246875 0.6681640625 0.029145833333333333 0.09885937500000001
0 0.4024479166666667 0.6347343750000001 0.050770833333333334 0.04646875
0 0.9695 0.6718046875000001 0.059041666666666666 0.113609375
0 0.8392708333333334 0.7153281250000001 0.07029166666666667 0.19081250000000002
0 0.08077083333333333 0.7914531250000001 0.14670833333333333 0.29003125
0 0.020729166666666667 0.710171875 0.037875 0.14971874999999998
0 0.6901458333333332 0.7185078125000001 0.10104166666666667 0.175921875
3 0.25851041666666663 0.7981796875000001 0.30047916666666663 0.182359375
3 0.5382708333333334 0.75775 0.26004166666666667 0.20037500000000003
3 0.7984479166666667 0.7353437500000001 0.22952083333333334 0.13693750000000002
0 0.5828333333333333 0.648234375 0.036458333333333336 0.05103125
3 0.53790625 0.6906640625000001 0.08114583333333333 0.058765625
3 0.39720833333333333 0.7081484375 0.20416666666666666 0.06842187500000001
3 0.41913541666666665 0.6780234375 0.06660416666666666 0.019359375
3 0.6723854166666666 0.7573046875 0.06527083333333333 0.116515625
3 0.4180520833333333 0.7672265625 0.058104166666666665 0.098046875
3 0.25063541666666667 0.7217265625 0.13102083333333334 0.048828125
0 0.6529791666666667 0.6407968749999999 0.038625 0.0403125
0 0.6310416666666667 0.63346875 0.029833333333333333 0.039531250000000004
0 0.5447916666666667 0.6765625000000001 0.9020833333333333 0.13125
