0 0.6137323943661972 0.7566484375000001 0.03 0.038390625000000005
0 0.5121713615023474 0.7761875 0.031948356807511735 0.058062499999999996
0 0.7067136150234742 0.8121171875000001 0.07356807511737089 0.151578125
0 0.7759389671361502 0.810984375 0.062347417840375584 0.15428125
0 0.8602582159624415 0.841890625 0.08849765258215964 0.228625
0 0.648274647887324 0.8163984375000001 0.061197183098591554 0.13979687500000001
0 0.4738262910798122 0.8580078125 0.10413145539906103 0.193515625
0 0.3414906103286385 0.705734375 0.03326291079812207 0.03484375
0 0.2863262910798122 0.8087968750000001 0.07664319248826292 0.13446875
0 0.14663145539906106 0.8727734374999999 0.24279342723004696 0.254453125
0 0.5838028169014085 0.8411953125 0.10197183098591549 0.195421875
0 0.5001643192488263 0.7687578125000001 0.027746478873239437 0.040484375
0 0.3055985915492958 0.7079453125000001 0.031197183098591548 0.025921875
0 0.5 0.8296875 0.9953051643192489 0.290625
