0 0.7183606557377049 0.4913671875000001 0.1800936768149883 0.34739062500000006
0 0.45497658079625286 0.41129687500000006 0.041194379391100704 0.08403125
0 0.34405152224824354 0.4139609375 0.030772833723653397 0.076421875
0 0.6222716627634661 0.4032265625 0.028852459016393443 0.037890625000000004
0 0.4857611241217799 0.39593750000000005 0.019250585480093677 0.03925000000000001
0 0.4218852459016394 0.4034609375 0.03009367681498829 0.059640625
0 0.38231850117096017 0.4155390625 0.05231850117096019 0.09495312500000001
0 0.5718735362997658 0.5065234375000001 0.13817330210772832 0.308015625
0 0.6201639344262295 0.46031250000000007 0.040796252927400474 0.14690625
0 0.5002107728337236 0.396234375 0.014098360655737704 0.035937500000000004
0 0.31913348946135833 0.42209375 0.02426229508196721 0.08090625000000001
