0 0.1027578125 0.5036458333333333 0.098734375 0.30691666666666667
0 0.502515625 0.5484166666666667 0.10234375000000001 0.31766666666666665
0 0.2856796875 0.5910104166666666 0.109546875 0.3595625
0 0.6073828125 0.6680104166666666 0.097328125 0.22147916666666667
0 0.7120546875 0.5246145833333333 0.087109375 0.2937708333333333
0 0.8761093750000001 0.6504687499999999 0.08731250000000002 0.20447916666666668
0 0.7337421875000001 0.30071875 0.026328125000000004 0.0755625
0 0.7639296875000001 0.3108958333333333 0.032921875 0.06775
0 0.65484375 0.3000625 0.027781250000000004 0.03320833333333333
0 0.1354921875 0.22280208333333332 0.019015625 0.03847916666666666
0 0.8643749999999999 0.3208229166666666 0.025531250000000002 0.0315625
0 0.43757812500000004 0.28740625000000003 0.021687500000000002 0.028479166666666667
0 0.46464062500000003 0.30628124999999995 0.028000000000000004 0.029229166666666664
0 0.5 0.171875 0.9968750000000001 0.33958333333333335
