0 0.8149140625 0.78827868852459 0.059671875 0.26259953161592503
0 0.532953125 0.6681850117096019 0.040593750000000005 0.15988290398126462
0 0.2691171875 0.7865105386416861 0.097453125 0.31911007025761123
0 0.7606796875000001 0.7604683840749416 0.097234375 0.4148009367681499
0 0.46645312499999997 0.6709367681498829 0.03525 0.15063231850117095
0 0.43596875000000007 0.6762997658079626 0.0253125 0.14370023419203748
0 0.381125 0.6812763466042154 0.05165625000000001 0.16840749414519907
0 0.82459375 0.6235011709601874 0.01978125 0.06578454332552693
0 0.9903593749999999 0.6412763466042154 0.01928125 0.10826697892271663
0 0.5643046875 0.7245784543325526 0.086796875 0.3560421545667447
0 0.7828437500000001 0.6828688524590163 0.0411875 0.16901639344262295
0 0.9476796875 0.6612177985948477 0.030109375 0.12037470725995315
0 0.16619531250000003 0.6737470725995316 0.026359375000000004 0.1264168618266979
0 0.49453125000000003 0.7704918032786885 0.9859375 0.37470725995316156
