0 0.6808984375 0.1561875 0.144953125 0.298875
0 0.5235937500000001 0.15832291666666667 0.13412500000000002 0.2755208333333333
0 0.9497265625 0.22660416666666666 0.100546875 0.4532083333333333
0 0.08173437500000001 0.33258333333333334 0.15000000000000002 0.6606666666666666
0 0.166453125 0.3059375 0.095375 0.5663333333333332
0 0.3802109375 0.11635416666666666 0.070890625 0.147625
0 0.46559375000000003 0.10821875 0.07653125 0.16689583333333333
0 0.6233828125 0.11489583333333332 0.076171875 0.16904166666666667
0 0.671328125 0.05996875 0.0474375 0.11735416666666666
0 0.83340625 0.22309375 0.26259375 0.44335416666666666
0 0.4264843750000001 0.12960416666666666 0.048343750000000005 0.132125
0 0.26039062500000004 0.10786458333333333 0.12640625000000003 0.17527083333333332
0 0.2165546875 0.07288541666666666 0.025390625 0.057937499999999996
0 0.49921875000000004 0.13541666666666666 0.9984375000000001 0.25
