1 0.44069531250000005 0.8696354166666667 0.04901562500000001 0.13797916666666668
2 0.5370703125 0.8217083333333334 0.13489062500000001 0.09366666666666666
4 0.4659453125 0.7255416666666666 0.558328125 0.24708333333333332
0 0.6111015625 0.8069895833333333 0.022203125000000004 0.08577083333333334
0 0.73853125 0.8044166666666667 0.0305625 0.08545833333333334
0 0.7113203125 0.8010520833333333 0.021078125000000003 0.08327083333333334
0 0.6657421875 0.7648020833333332 0.018796875 0.0269375
0 0.650578125 0.7676875 0.0136875 0.025541666666666667
2 0.754421875 0.8090416666666668 0.0234375 0.05258333333333333
0 0.4663593750000001 0.7579270833333334 0.0124375 0.029437500000000002
0 0.1296796875 0.7564791666666667 0.019703125000000002 0.049458333333333326
2 0.07900781250000001 0.76225 0.05170312500000001 0.03991666666666667
0 0.307421875 0.7474375 0.01971875 0.03308333333333333
