1 0.24957 0.568948948948949 0.19469999999999998 0.2963963963963964
2 0.31439 0.3842342342342342 0.33366 0.19861861861861863
2 0.05101 0.4727927927927928 0.10202 0.216996996996997
2 0.44074 0.30711711711711714 0.14256 0.11651651651651651
2 0.22512000000000001 0.2952252252252252 0.13124000000000002 0.08528528528528528
2 0.3167 0.2687837837837838 0.09536 0.046996996996997
2 0.74477 0.2958408408408409 0.06881999999999999 0.0890990990990991
2 0.05329 0.3237837837837838 0.10182 0.09747747747747748
2 0.09298 0.2752702702702703 0.02308 0.04885885885885886
0 0.55544 0.3318018018018018 0.032880000000000006 0.15045045045045044
3 0.443 0.4883933933933934 0.24844 0.2629129129129129
2 0.5104000000000001 0.31749249249249245 0.05532 0.12303303303303303
6 0.6489900000000001 0.3317117117117117 0.16546000000000002 0.1711111111111111
