2 0.7106953125000001 0.7521467391304348 0.350703125 0.34913043478260863
2 0.10853125000000002 0.7229211956521738 0.09221875000000002 0.2700271739130435
4 0.4875859375 0.5 0.755015625 0.7454891304347825
0 0.260078125 0.4416576086956522 0.08068750000000001 0.1246195652173913
6 0.0717734375 0.5465353260869565 0.141484375 0.18703804347826086
0 0.6903203124999999 0.6494429347826087 0.041484375000000004 0.07279891304347826
2 0.9462187499999999 0.6192119565217391 0.1075625 0.16195652173913044
2 0.8897578125000001 0.6114402173913043 0.060140625 0.14114130434782607
2 0.9931562500000001 0.5214809782608696 0.0136875 0.029103260869565217
2 0.9191640625 0.5528804347826087 0.025859375000000004 0.027771739130434785
