2 0.070859375 0.7188565488565488 0.14171875 0.29093555093555096
2 0.8878359375000001 0.5583679833679833 0.029734375000000004 0.12351351351351351
4 0.5146796875 0.4860187110187111 0.7430468750000001 0.9297089397089398
4 0.9001796875000001 0.49662162162162166 0.05404687500000001 0.13033264033264033
0 0.6415390625000001 0.40755717255717255 0.11476562500000001 0.15270270270270273
0 0.55315625 0.4503326403326403 0.031531250000000004 0.05563409563409564
0 0.0648046875 0.5682016632016632 0.028609375 0.12326403326403326
0 0.1241484375 0.5315384615384616 0.021359375 0.07559251559251559
0 0.5105078125000001 0.380956340956341 0.057734375000000004 0.07064449064449065
2 0.030859375 0.6426091476091476 0.06171875 0.07365904365904366
0 0.09850000000000002 0.5356652806652806 0.014000000000000002 0.07582120582120583
2 0.9795390625 0.505925155925156 0.014578125 0.016673596673596674
