0 0.47421361502347414 0.5706640625 0.6059389671361503 0.5046406250000001
0 0.11102112676056339 0.4191328125 0.21927230046948357 0.24929687500000003
0 0.25991784037558685 0.2758046875 0.18119718309859154 0.315328125
0 0.1811150234741784 0.198171875 0.1294131455399061 0.26006250000000003
0 0.3294366197183099 0.12303125000000002 0.1483568075117371 0.18131250000000002
0 0.4536032863849765 0.23577343750000002 0.16697183098591548 0.260828125
0 0.5721596244131456 0.12242968750000001 0.1384507042253521 0.158546875
0 0.6384037558685447 0.28684375 0.2004225352112676 0.36515625
0 0.054143192488262916 0.1902890625 0.10828638497652583 0.261328125
0 0.7917605633802817 0.2693359375 0.18497652582159624 0.42623437500000005
0 0.5119131455399061 0.12410937500000002 0.08471830985915493 0.17834375000000002
0 0.23658450704225356 0.077015625 0.080962441314554 0.09212500000000001
0 0.698849765258216 0.13225 0.0851643192488263 0.08578125
0 0.9061032863849765 0.24609375 0.18309859154929578 0.4765625
