3 0.6259921875000001 0.5813348946135832 0.141390625 0.44711943793911
3 0.4776328125 0.7588992974238876 0.14029687500000002 0.275175644028103
3 0.7639687500000001 0.7772014051522248 0.12875 0.067096018735363
0 0.11320312500000002 0.7764051522248243 0.06746875000000001 0.11009367681498829
0 0.7608515625000001 0.6688992974238877 0.161359375 0.28740046838407496
0 0.4726796875 0.681744730679157 0.17267187500000003 0.43426229508196723
0 0.023625 0.8108665105386417 0.04725 0.14585480093676814
0 0.20884375 0.7703512880562061 0.0398125 0.08313817330210772
0 0.622359375 0.37478922716627633 0.19784375 0.6009133489461358
0 0.17660156250000003 0.811744730679157 0.020609375 0.037353629976580795
0 0.10771875 0.8449648711943795 0.056499999999999995 0.10594847775175645
0 0.0477265625 0.8673536299765807 0.045265625000000004 0.06126463700234192
0 0.13493750000000002 0.839847775175644 0.02465625 0.0505152224824356
0 0.36455468750000003 0.7602459016393442 0.049953125 0.1194145199063232
