0 0.28882031250000006 0.6190919811320754 0.154828125 0.6404481132075471
0 0.11514843749999999 0.6439033018867923 0.128609375 0.6523820754716981
0 0.3704921875 0.5877358490566037 0.084953125 0.5088679245283019
0 0.1611796875 0.611686320754717 0.08039062500000001 0.46422169811320757
0 0.16660156250000002 0.45688679245283015 0.045921875 0.15481132075471699
0 0.22946875000000003 0.5083490566037735 0.058875000000000004 0.322688679245283
0 0.014578125 0.4987735849056604 0.02915625 0.24391509433962263
6 0.6303515625 0.27370283018867925 0.44117187500000005 0.48759433962264154
6 0.29383593750000003 0.4938325471698113 0.33442187500000004 0.34379716981132075
6 0.17864843750000003 0.3606721698113208 0.35432812500000005 0.2898820754716981
