0 0.35052343750000003 0.49911111111111117 0.057234375000000004 0.28755555555555556
0 0.1786171875 0.534888888888889 0.062671875 0.2452777777777778
0 0.23398437500000002 0.4569166666666667 0.0373125 0.16483333333333336
0 0.48717968750000007 0.43783333333333335 0.049171875000000004 0.20511111111111113
0 0.9539375 0.5118472222222222 0.09212500000000001 0.7720277777777779
0 0.110640625 0.4685 0.03571875 0.1255
0 0.3733671875 0.4709444444444445 0.033921875000000004 0.24694444444444447
0 0.11999218750000001 0.4501944444444445 0.016859375 0.10566666666666667
0 0.20886718750000002 0.42945833333333333 0.018953125 0.11047222222222224
0 0.63728125 0.33870833333333333 0.01690625 0.07541666666666666
0 0.06228125 0.4536111111111112 0.01865625 0.06838888888888889
0 0.0347734375 0.4400416666666667 0.013234375000000001 0.050805555555555555
0 0.1942109375 0.4220416666666667 0.010484375 0.05669444444444445
0 0.4765625 0.375 0.9281250000000001 0.2111111111111111
