0 0.4965859375 0.5344248826291079 0.20885937499999999 0.5034037558685446
0 0.7330078125 0.668462441314554 0.026234375 0.17453051643192488
0 0.7560078125 0.6695774647887323 0.021484375 0.11835680751173709
0 0.692765625 0.654330985915493 0.0235 0.1113849765258216
0 0.8889765625000001 0.6889671361502347 0.038671875 0.10906103286384977
0 0.8983046875 0.3655985915492958 0.065734375 0.12908450704225352
0 0.669765625 0.6464553990610329 0.034749999999999996 0.14652582159624414
0 0.7131796875 0.6767605633802817 0.014234375 0.12258215962441314
0 0.28778125000000004 0.6848356807511737 0.0425 0.06431924882629107
0 0.6097109375 0.682406103286385 0.008109375 0.026502347417840376
