1 0.2394765625 0.8426814988290398 0.130640625 0.27819672131147544
1 0.3121328125 0.6840983606557376 0.077765625 0.06946135831381733
6 0.6866796875000001 0.4434426229508197 0.34482812500000004 0.6224824355971897
0 0.49784375000000003 0.7313700234192038 0.06165625 0.3269086651053864
0 0.48385937500000004 0.25675644028103045 0.02103125 0.10587822014051522
0 0.6706796875000001 0.7092974238875879 0.084203125 0.35091334894613585
0 0.5341015625000001 0.531135831381733 0.050296875 0.11875878220140515
0 0.47302343750000003 0.5558899297423888 0.09545312500000001 0.20896955503512882
0 0.405171875 0.2871311475409836 0.031968750000000004 0.0699063231850117
0 0.4140625 0.18213114754098358 0.01640625 0.06482435597189695
0 0.47833593750000003 0.21891100702576113 0.020390625000000002 0.09833723653395784
0 0.5103515625 0.2058782201405152 0.039921875 0.08899297423887588
0 0.53459375 0.7226463700234191 0.05065625000000001 0.33737704918032785
0 0.5392421875000001 0.1920608899297424 0.017609375 0.08304449648711944
1 0.313546875 0.3314285714285714 0.0231875 0.06585480093676815
1 0.22999999999999998 0.3471311475409836 0.062625 0.056791569086651054
0 0.6658906250000001 0.15048009367681497 0.10134375000000001 0.1508430913348946
0 0.527609375 0.19327868852459015 0.012125 0.07629976580796252
0 0.3921875 0.22014051522248243 0.275 0.29508196721311475
