3 0.35403125 0.63684375 0.12081249999999999 0.2871875
0 0.42551562500000006 0.6581145833333333 0.21640625000000002 0.5193958333333333
0 0.6199531250000001 0.7020208333333334 0.23684375000000002 0.5959583333333334
6 0.38184375000000004 0.43087499999999995 0.11615625000000002 0.06875
6 0.7041796875 0.44925 0.105515625 0.07358333333333333
6 0.5117578125 0.4339166666666667 0.076578125 0.06641666666666667
6 0.22752343750000004 0.42359375 0.141578125 0.07864583333333333
6 0.7756875000000001 0.4466041666666667 0.050937500000000004 0.05466666666666666
6 0.8474296875 0.42172916666666665 0.05276562500000001 0.01025
6 0.846390625 0.44701041666666663 0.06643750000000001 0.0580625
