0 0.7035546875 0.6156235294117646 0.013421875 0.03788235294117647
0 0.6305390625 0.6044941176470588 0.020890625 0.05769411764705882
0 0.7680390625000001 0.7685176470588235 0.032015625 0.10037647058823528
0 0.6549375000000001 0.5827411764705882 0.0085625 0.025811764705882353
0 0.92653125 0.8895764705882352 0.042 0.1787764705882353
0 0.6906875 0.7213529411764706 0.018 0.11809411764705881
0 0.75721875 0.6768117647058823 0.026031250000000002 0.0784235294117647
0 0.7380703125000001 0.6512352941176471 0.009953125 0.050470588235294114
0 0.667578125 0.5981176470588235 0.007625 0.029505882352941173
0 0.7399687500000001 0.7638588235294117 0.01696875 0.07750588235294116
0 0.6748125 0.6104235294117647 0.01253125 0.023529411764705882
0 0.6148984375 0.5922941176470587 0.013171875 0.03997647058823529
0 0.584375 0.5635294117647058 0.018750000000000003 0.025882352941176467
