3 0.4938203125 0.4123645833333333 0.987640625 0.8247291666666666
0 0.3682734375 0.19196875 0.198421875 0.3744375
3 0.215484375 0.2809270833333333 0.1261875 0.16531249999999997
3 0.0605390625 0.325375 0.114359375 0.18833333333333335
3 0.9111484375000001 0.24910416666666665 0.17770312500000002 0.3325833333333333
0 0.08626562500000001 0.1861145833333333 0.040531250000000005 0.10364583333333333
0 0.8961406250000001 0.10153125 0.0584375 0.1588125
0 0.47725 0.12159374999999999 0.03590625 0.0793125
0 0.4962968750000001 0.12420833333333334 0.021593750000000002 0.07670833333333334
0 0.4561484375 0.10452083333333334 0.016171875 0.024791666666666667
0 0.18753125 0.1440833333333333 0.05609375 0.15808333333333333
0 0.6285468750000001 0.09364583333333334 0.021781250000000002 0.07516666666666666
0 0.1336640625 0.15752083333333333 0.024328125000000003 0.05354166666666666
0 0.16775 0.10186458333333333 0.025687500000000002 0.08964583333333334
0 0.5625937499999999 0.12655208333333332 0.138375 0.24502083333333333
0 0.7604765625000001 0.30003125 0.20064062500000002 0.5958125
