2 0.60859375 0.6300520833333334 0.6764375 0.31914583333333335
2 0.257515625 0.5105208333333333 0.3369375 0.2557083333333333
4 0.7516875000000001 0.38203125 0.32359375 0.14831249999999999
0 0.18781250000000002 0.5888020833333333 0.11075 0.3658958333333333
0 0.387140625 0.47159375000000003 0.03821875 0.09227083333333333
0 0.45914843750000006 0.7237916666666667 0.184171875 0.5524166666666667
0 0.6463046875 0.3760104166666666 0.023640625000000002 0.0504375
0 0.678359375 0.41641666666666666 0.01171875 0.022500000000000003
0 0.5761640625000001 0.7294166666666667 0.114328125 0.5411666666666667
0 0.3585546875000001 0.4938645833333333 0.06539062500000001 0.11943749999999999
0 0.0829140625 0.5835312500000001 0.09726562500000001 0.37097916666666664
0 0.508 0.4369166666666667 0.045375 0.07504166666666667
0 0.6414453125 0.43790625 0.045921875 0.08085416666666667
0 0.5998125 0.4334166666666666 0.04706250000000001 0.07958333333333334
0 0.724796875 0.43533333333333335 0.022125000000000002 0.03929166666666666
0 0.7519453125000001 0.4716666666666667 0.046671875 0.0715
0 0.42031250000000003 0.6052083333333333 0.8406250000000001 0.6145833333333334
