0 0.6062962962962964 0.6910078125000001 0.3916775599128541 0.5101093750000001
0 0.31552287581699345 0.429453125 0.053703703703703705 0.04653125
0 0.22998910675381265 0.443640625 0.04616557734204794 0.031
0 0.23021786492374727 0.4338125 0.03938997821350763 0.03628125
0 0.1920370370370371 0.4455625 0.038845315904139435 0.029718750000000002
0 0.5638997821350763 0.42028124999999994 0.05995642701525055 0.04384375
0 0.9397712418300653 0.35828125000000005 0.04498910675381264 0.03678125
0 0.7812854030501091 0.6039921875 0.06827886710239651 0.127328125
0 0.26793028322440093 0.43915625 0.04875816993464053 0.02884375
0 0.8276034858387801 0.39728125000000003 0.06601307189542484 0.061375000000000006
0 0.7687254901960786 0.40399218750000004 0.052788671023965145 0.046703125000000005
0 0.8497930283224402 0.5849296875000001 0.08708061002178649 0.091765625
0 0.7047385620915034 0.40730468750000004 0.08006535947712419 0.057671875
0 0.49891067538126366 0.58515625 0.9978213507625273 0.5578125
