1 0.7174453125000001 0.8607294117647056 0.546859375 0.25604705882352935
0 0.4394765625 0.5415764705882353 0.10595312500000001 0.3820235294117647
0 0.9554218750000001 0.5698117647058824 0.08915625 0.4527058823529411
0 0.8531875000000002 0.4819176470588235 0.0834375 0.2201647058823529
0 0.20071093750000002 0.5280941176470588 0.09698437500000001 0.4089882352941176
0 0.6491406250000001 0.6274117647058822 0.20890625 0.7078588235294117
0 0.1513203125 0.49939999999999996 0.055546874999999996 0.25842352941176466
0 0.9138671875000001 0.5003764705882352 0.059953124999999996 0.2592470588235294
0 0.0652578125 0.38107058823529405 0.029265625000000003 0.02976470588235294
0 0.49025 0.5122235294117646 0.04559375 0.2520705882352941
0 0.0918671875 0.5016823529411765 0.049796875000000004 0.21216470588235292
0 0.28903125 0.5076470588235293 0.07112500000000001 0.29472941176470585
0 0.1219296875 0.47875294117647055 0.038140625000000004 0.22748235294117647
