0 0.290484375 0.3786761487964989 0.08737500000000001 0.19796498905908094
0 0.443921875 0.1803391684901532 0.04409375 0.05573304157549234
0 0.66271875 0.6168599562363237 0.15725 0.24943107221006564
0 0.7165390625 0.12867614879649888 0.036171875 0.06925601750547046
0 0.8373125 0.12711159737417943 0.039718750000000004 0.07150984682713347
0 0.43807031250000006 0.32809628008752734 0.09948437500000001 0.17527352297592996
0 0.05747656250000001 0.3924617067833698 0.08564062500000001 0.20190371991247263
0 0.530953125 0.18577680525164111 0.045562500000000006 0.06271334792122538
0 0.263234375 0.164890590809628 0.04578125 0.06264770240700218
0 0.29764843750000003 0.17026258205689276 0.037203125 0.053741794310722096
0 0.7790546875 0.20673960612691464 0.040109375 0.053916849015317285
0 0.3565546875000001 0.1498687089715536 0.051046875000000005 0.10525164113785558
0 0.4122265625 0.11293216630196937 0.046859375 0.142144420131291
0 0.49921875000000004 0.17943107221006563 0.9984375000000001 0.35886214442013126
