2 0.9473906249999999 0.3400625 0.10521875000000001 0.11474999999999999
2 0.8573437500000001 0.3321145833333333 0.1371875 0.08135416666666666
2 0.7885703125000001 0.31037499999999996 0.045984375 0.04454166666666667
2 0.3932578125 0.27598958333333334 0.062734375 0.04722916666666667
2 0.6370390625 0.3006979166666666 0.062296875 0.05172916666666666
0 0.725671875 0.5383958333333333 0.33390625 0.8769583333333333
0 0.2814609375 0.8540833333333333 0.38089062500000004 0.26516666666666666
0 0.40253125 0.28301041666666665 0.01865625 0.06097916666666667
0 0.5638046875 0.28821874999999997 0.015046875000000001 0.0490625
0 0.43795312500000005 0.2842708333333333 0.0225625 0.06395833333333333
0 0.5766640625 0.27565625 0.0073593750000000005 0.029979166666666668
0 0.512859375 0.27038541666666666 0.010781250000000001 0.024354166666666666
0 0.15290625000000002 0.5678229166666666 0.3056875 0.8516875
0 0.534671875 0.27359374999999997 0.007062499999999999 0.029812500000000002
0 0.5251015625000001 0.2724895833333333 0.006609375000000001 0.0270625
0 0.8884765625000001 0.28684375 0.012734375000000001 0.019104166666666665
0 0.554484375 0.27040625 0.00871875 0.0166875
