0 0.171078125 0.39868750000000003 0.042343750000000006 0.10583333333333332
0 0.0931171875 0.4008125 0.040265625 0.15062499999999998
0 0.0378359375 0.4112604166666667 0.047640625 0.1258125
0 0.11875000000000001 0.37731250000000005 0.0156875 0.0845
0 0.0586328125 0.392625 0.015703125000000002 0.094625
0 0.6994218750000001 0.39631249999999996 0.11078125000000001 0.13204166666666667
0 0.9396562500000001 0.5084895833333333 0.1206875 0.4003125
0 0.13499218750000003 0.39676041666666667 0.014921875000000001 0.0504375
0 0.013273437500000002 0.38555208333333335 0.025546875000000004 0.1179375
0 0.1414453125 0.3745 0.030046875 0.08762500000000001
0 0.0043124999999999995 0.42782291666666666 0.008624999999999999 0.12993749999999998
0 0.138765625 0.37135416666666665 0.01253125 0.03783333333333333
