0 0.1875373134328358 0.9681875 0.13473347547974412 0.063625
0 0.6348614072494669 0.9502968749999999 0.09974413646055437 0.09940625
0 0.8380703624733475 0.9480468750000001 0.1418123667377399 0.10390625
0 0.7055330490405117 0.8652421875 0.012345415778251599 0.013109375000000001
0 0.7652665245202559 0.9426562500000002 0.11078891257995735 0.11468750000000001
0 0.4883795309168444 0.9467890625 0.06562899786780384 0.10317187500000001
0 0.5350746268656716 0.9579453124999999 0.11198294243070363 0.084109375
0 0.2514498933901919 0.9483125000000001 0.07360341151385928 0.07640625000000001
0 0.9193496801705757 0.9035078125 0.029658848614072496 0.037171875
2 0.395362473347548 0.9348281250000001 0.1521321961620469 0.1256875
0 0.36428571428571427 0.95196875 0.08196162046908315 0.09009375
0 0.7394349680170575 0.9306093750000001 0.08867803837953092 0.09415625
2 0.35279317697228146 0.9572734375000002 0.16319829424307036 0.08464062500000001
0 0.31943496801705756 0.969875 0.10987206823027719 0.0600625
0 0.1509275053304904 0.9477421875000002 0.07771855010660982 0.104515625
0 0.5415778251599147 0.7992187500000001 0.9125799573560768 0.3984375
