6 0.41969531250000003 0.6306380753138074 0.829296875 0.7184728033472803
0 0.13887500000000003 0.32922594142259415 0.24231250000000004 0.3676987447698744
0 0.32836718750000005 0.3896861924686192 0.27029687500000005 0.35154811715481166
0 0.3616484375 0.3368619246861924 0.172609375 0.28715481171548113
0 0.6083515625 0.43852510460251043 0.086578125 0.10353556485355649
0 0.7273515625 0.42094142259414224 0.024640625 0.032970711297071124
0 0.8924843750000001 0.43554393305439326 0.013500000000000002 0.05485355648535564
0 0.9144375 0.42344142259414225 0.029656250000000002 0.0648744769874477
0 0.8435859375 0.43554393305439326 0.023984375000000002 0.10585774058577405
0 0.8754296875 0.434581589958159 0.030390625 0.11502092050209203
0 0.45975000000000005 0.3753033472803347 0.09984375000000001 0.08784518828451883
0 0.9690781249999999 0.42369246861924686 0.05365625000000001 0.08069037656903764
0 0.9444296875 0.4276882845188284 0.041984375000000004 0.08830543933054393
2 0.8611953125 0.3547071129707113 0.020359375 0.01527196652719665
2 0.9654843750000002 0.3443933054393305 0.03653125 0.023556485355648533
0 0.17648437500000003 0.3089748953974895 0.0485 0.1402510460251046
0 0.97265625 0.3933054393305439 0.029687500000000002 0.046025104602510455
