2 0.5995859375 0.6079375 0.062078125 0.059291666666666666
2 0.658015625 0.6208645833333333 0.05403125 0.06347916666666667
3 0.4975078125000001 0.6726875000000001 0.077703125 0.10408333333333333
4 0.7620859375000001 0.5898958333333333 0.15485937500000002 0.159125
0 0.5049296875000001 0.6440729166666668 0.049984375 0.10327083333333333
0 0.6149296875000001 0.7886770833333334 0.770140625 0.42122916666666665
0 0.9563125000000001 0.6172291666666666 0.03425 0.09770833333333333
0 0.9096562500000002 0.6051458333333334 0.026531250000000003 0.062375
0 0.8698125000000001 0.5848020833333333 0.01434375 0.0289375
0 0.8500546875 0.5846458333333333 0.008328125 0.05333333333333334
2 0.668484375 0.5855416666666666 0.0328125 0.015916666666666666
0 0.8571875000000001 0.5885625 0.007875 0.020666666666666667
0 0.7253359375 0.5647187499999999 0.006265625 0.008354166666666666
