0 0.5394988344988345 0.472375 0.22347319347319347 0.26690625
0 0.3651748251748252 0.17650781250000003 0.07818181818181819 0.105609375
0 0.3943006993006993 0.19916406250000002 0.05694638694638694 0.06901562500000001
0 0.20006993006993007 0.18283593750000002 0.1117948717948718 0.132421875
0 0.3106876456876457 0.06603125 0.07904428904428903 0.0970625
0 0.38474358974358974 0.120359375 0.09862470862470862 0.082625
0 0.5363869463869464 0.29775 0.18773892773892775 0.20450000000000002
0 0.5066550116550116 0.10459375 0.03993006993006993 0.02021875
0 0.274988344988345 0.1423828125 0.09627039627039627 0.140046875
0 0.42904428904428904 0.3229609375 0.10797202797202797 0.095796875
0 0.4562820512820513 0.2557265625 0.0734032634032634 0.10226562500000001
0 0.4433682983682984 0.1971328125 0.058391608391608396 0.055921875
0 0.3301748251748252 0.3365859375 0.11526806526806528 0.086796875
0 0.5815850815850816 0.2609375 0.7995337995337995 0.521875
