1 0.6067890625000001 0.6474388254486134 0.32785937500000006 0.23220228384991845
4 0.026804687500000004 0.33588091353996735 0.05360937500000001 0.14533442088091356
0 0.614859375 0.573768352365416 0.1405 0.4453833605220228
0 0.112359375 0.4136133768352365 0.03653125 0.1204078303425775
0 0.1497890625 0.4280179445350734 0.035015625 0.14588907014681893
0 0.1819609375 0.3782544861337684 0.029359375 0.0698205546492659
0 0.11673437500000002 0.35159053833605225 0.023375000000000003 0.04047308319738988
0 0.8791015625 0.44278955954323007 0.031890625 0.09794453507340946
0 0.10453124999999999 0.3450407830342577 0.015593750000000002 0.03256117455138663
0 0.0857109375 0.35076672104404566 0.011265625000000001 0.06225122349102773
0 0.5595078125 0.431468189233279 0.022828125 0.08247960848287113
0 0.06256250000000001 0.3488988580750408 0.0103125 0.026215334420880917
