3 0.36621875 0.45739843750000003 0.5829791666666666 0.869953125
3 0.7535520833333333 0.3702265625 0.4524375 0.5191093750000001
0 0.9340937500000001 0.471609375 0.1318125 0.698625
0 0.47706249999999994 0.1833515625 0.08858333333333333 0.253921875
3 0.39338541666666665 0.204984375 0.1016875 0.172125
3 0.0414375 0.178296875 0.082875 0.12546875
0 0.42203125 0.1405625 0.03472916666666667 0.09553125000000001
0 0.39840624999999996 0.136765625 0.0261875 0.06671875000000001
0 0.30352083333333335 0.19028125 0.12341666666666667 0.21325
0 0.047989583333333335 0.133796875 0.03127083333333333 0.02890625
3 0.15160416666666665 0.17908593750000001 0.11179166666666666 0.121421875
3 0.6786875 0.1691953125 0.090625 0.06029687500000001
0 0.19265625000000003 0.13810937499999998 0.021729166666666667 0.02478125
0 0.1008125 0.14236718750000002 0.049791666666666665 0.115328125
