0 0.599796875 0.7141334894613584 0.1745625 0.5717330210772834
0 0.24403906250000001 0.6646487119437938 0.237328125 0.6487822014051522
0 0.158890625 0.484192037470726 0.14215625 0.3527400468384075
0 0.8640468750000001 0.7878220140515222 0.12684375 0.30121779859484776
0 0.3571875 0.46953161592505854 0.0920625 0.3402810304449649
0 0.588109375 0.3950585480093677 0.15156250000000002 0.30121779859484776
0 0.9337421875 0.4780210772833724 0.132515625 0.48850117096018736
0 0.947484375 0.7293911007025761 0.10503125 0.3325995316159251
0 0.431859375 0.6621194379391101 0.1833125 0.6534660421545667
0 0.068359375 0.7733138173302108 0.13343750000000001 0.42222482435597186
0 0.7700156250000001 0.49293911007025765 0.15228125 0.5576346604215457
