0 0.1420859375 0.31757647058823524 0.035890625 0.11487058823529411
0 0.330765625 0.7063529411764705 0.12365625000000001 0.34418823529411763
0 0.8621875 0.5075058823529411 0.09728125 0.1915764705882353
0 0.860625 0.3888941176470588 0.04459375 0.10649411764705881
0 0.17239062500000002 0.18438823529411763 0.022093750000000002 0.07207058823529411
0 0.20106250000000003 0.18343529411764706 0.02103125 0.06974117647058824
0 0.14550000000000002 0.7662941176470587 0.19846875 0.296635294117647
0 0.2494609375 0.1848470588235294 0.016796875 0.07421176470588234
0 0.3411328125 0.14928235294117645 0.016203125 0.03112941176470588
0 0.9385468750000001 0.10315294117647059 0.013875000000000002 0.06494117647058824
0 0.7369375 0.10398823529411765 0.01978125 0.07263529411764705
0 0.2680859375 0.19175294117647057 0.014109375 0.06308235294117646
0 0.3170859375 0.14407058823529412 0.016953125 0.03487058823529412
0 0.48671875000000003 0.1764705882352941 0.9703125 0.2541176470588235
