2 0.27806250000000005 0.9361971830985916 0.0080625 0.021784037558685444
2 0.28124218749999996 0.899131455399061 0.007265625000000001 0.014178403755868546
2 0.2637890625 0.8596009389671362 0.008828125000000001 0.009671361502347419
2 0.30124218750000004 0.9262441314553991 0.010234375 0.024647887323943664
2 0.284421875 0.845868544600939 0.00809375 0.015258215962441314
2 0.28965625 0.9836619718309858 0.0074687500000000006 0.018826291079812207
2 0.26706250000000004 0.8383215962441315 0.00728125 0.01687793427230047
2 0.271 0.8879342723004695 0.0093125 0.021784037558685444
2 0.284515625 0.8301408450704225 0.008375 0.01910798122065728
2 0.26884375 0.9269953051643192 0.0085 0.01967136150234742
2 0.27713281250000005 0.9702816901408451 0.008765625 0.018497652582159626
2 0.2604765625 0.8915962441314554 0.0074218750000000005 0.015305164319248825
2 0.30453125 0.6528990610328639 0.0054062500000000005 0.010539906103286386
2 0.6046875 0.7523474178403756 0.703125 0.471830985915493
