0 0.17357031250000002 0.532733644859813 0.178828125 0.8494392523364486
0 0.291734375 0.566214953271028 0.10471875 0.6577102803738317
0 0.984875 0.4542757009345794 0.03025 0.14364485981308409
0 0.9664375000000002 0.5591588785046728 0.0646875 0.12238317757009345
0 0.8920937500000001 0.6634929906542056 0.13353125 0.3398364485981308
0 0.9417109375000001 0.5972546728971962 0.048296875 0.2091822429906542
0 0.392984375 0.5185397196261682 0.11571875000000001 0.7123598130841121
0 0.643203125 0.6314602803738317 0.08715625 0.5303504672897196
0 0.228421875 0.5394976635514018 0.0991875 0.7412383177570093
0 0.45906249999999993 0.5024766355140187 0.1076875 0.679018691588785
