0 0.5170833333333333 0.5604296875 0.38775 0.6079218750000001
0 0.8430729166666667 0.32471875 0.31385416666666666 0.6449375
0 0.6408541666666667 0.15942187500000002 0.01875 0.03903125
0 0.0329375 0.27971875 0.034625 0.0770625
0 0.0686875 0.2926328125 0.023291666666666665 0.042296875000000005
0 0.6097395833333333 0.10785937500000001 0.014979166666666667 0.022468750000000003
0 0.5906770833333332 0.16849218750000003 0.0209375 0.022109375
0 0.48058333333333336 0.2122265625 0.035 0.049453125
0 0.6030833333333334 0.10821875000000002 0.010708333333333332 0.015875
0 0.015020833333333336 0.2919296875 0.02475 0.049640625
