0 0.94459375 0.31235915492957744 0.10918749999999999 0.26518779342723003
0 0.7372968750000001 0.36715962441314554 0.07246875000000001 0.1962910798122066
0 0.2779296875 0.40374413145539906 0.09485937500000001 0.15927230046948357
0 0.23257031250000001 0.25295774647887326 0.199046875 0.21910798122065728
0 0.147875 0.42039906103286384 0.14796875 0.12694835680751174
0 0.8209843750000001 0.11930751173708921 0.1295625 0.23476525821596245
0 0.6096640625 0.5235328638497653 0.544734375 0.9215258215962442
0 0.09821875000000001 0.3669366197183099 0.08653125 0.18626760563380282
0 0.19465625 0.37911971830985913 0.08040625000000001 0.11166666666666666
0 0.8283828125 0.3375704225352113 0.133953125 0.23354460093896712
0 0.6333046875 0.20880281690140845 0.10314062500000001 0.2312206572769953
0 0.6251093750000001 0.32240610328638497 0.1049375 0.0861737089201878
0 0.9076875 0.29366197183098597 0.0864375 0.21103286384976527
0 0.49921875000000004 0.34976525821596244 0.9984375000000001 0.6995305164319249
