0 0.6516796875 0.4353767123287671 0.029515625000000004 0.09057077625570777
0 0.4079296875 0.44978310502283103 0.026328125000000004 0.08486301369863014
0 0.31209375000000006 0.4447602739726027 0.022156250000000002 0.09495433789954338
0 0.1413125 0.45763698630136984 0.03184375 0.12431506849315069
0 0.085484375 0.45461187214611865 0.029968750000000002 0.14488584474885843
0 0.035609375 0.45813926940639266 0.030968750000000003 0.14253424657534244
0 0.17845312500000002 0.45912100456621 0.01903125 0.052808219178082184
0 0.58009375 0.560148401826484 0.10259375 0.26751141552511415
0 0.01953125 0.4763926940639269 0.015125 0.09945205479452054
0 0.0042578125 0.4726598173515982 0.008515625 0.10728310502283105
0 0.063765625 0.4557305936073059 0.03025 0.14273972602739726
