3 0.4880234375000001 0.49351203501094093 0.6054218750000001 0.7852297592997812
0 0.8109999999999999 0.3091356673960613 0.16425 0.617089715536105
0 0.6883203125 0.19650984682713346 0.118390625 0.3854048140043763
0 0.9686953125000001 0.15455142231947483 0.062453125 0.26687089715536105
0 0.44789843749999997 0.15427789934354488 0.178515625 0.3063238512035011
0 0.09535937500000001 0.45545951859956235 0.1895 0.9109190371991247
0 0.2433046875 0.24843544857768052 0.159546875 0.18177242888402623
0 0.6119453125000001 0.2363676148796499 0.054078125000000005 0.19426695842450764
0 0.1876171875 0.14201312910284464 0.05851562500000001 0.08389496717724289
3 0.205390625 0.46404814004376366 0.266375 0.4921225382932166
0 0.8391171875 0.053566739606126915 0.037109375 0.06892778993435449
