0 0.8164218750000001 0.60453125 0.35481250000000003 0.5179375
0 0.588796875 0.44216666666666665 0.12584375 0.22375
0 0.5225546875 0.47134375 0.127890625 0.3078541666666667
0 0.23278906249999998 0.66534375 0.448640625 0.6230208333333334
0 0.050453125 0.33653125 0.0314375 0.058854166666666666
0 0.07723437500000001 0.33346875 0.03396875 0.0685625
0 0.42652343750000005 0.38401041666666663 0.08373437500000001 0.14197916666666668
0 0.34206250000000005 0.3192291666666666 0.019500000000000003 0.017625000000000002
0 0.0211015625 0.3286145833333334 0.039828125 0.06256250000000001
0 0.23595312499999999 0.5775208333333334 0.303375 0.5303333333333333
0 0.21246874999999998 0.3398645833333333 0.03646875 0.05902083333333333
0 0.2497109375 0.37259375 0.052359375 0.11689583333333332
