2 0.8405859375000001 0.5810312500000001 0.105578125 0.06114583333333334
2 0.0556171875 0.4179791666666666 0.10785937500000001 0.22020833333333334
2 0.80171875 0.5374166666666667 0.09846875000000001 0.052375
6 0.5233125000000001 0.18538541666666666 0.5005625 0.28539583333333335
6 0.1702265625 0.21235416666666668 0.286515625 0.15954166666666666
2 0.8535312500000001 0.1998958333333333 0.07240625 0.06233333333333334
6 0.9206875000000001 0.16519791666666667 0.06921875 0.06452083333333333
6 0.83325 0.15786458333333334 0.11803125000000002 0.06939583333333334
6 0.8352734375000002 0.8499895833333333 0.16432812500000002 0.13497916666666668
6 0.64609375 0.8516145833333333 0.42262500000000003 0.2967708333333333
6 0.11024218750000002 0.09995833333333333 0.22048437500000004 0.19991666666666666
2 0.633125 0.7273333333333334 0.12671875 0.07720833333333334
2 0.9547578125000001 0.6216666666666666 0.090484375 0.07925
2 0.9358750000000001 0.5766041666666666 0.022468750000000003 0.02425
2 0.990984375 0.552125 0.01803125 0.021125
