2 0.6822265625 0.7272833723653396 0.048640625 0.05742388758782201
4 0.4632890625 0.7011241217798595 0.30285937500000004 0.30562060889929743
0 0.4624140625 0.6950702576112413 0.034859375 0.06320843091334895
0 0.6338515625 0.7183255269320844 0.007671875000000001 0.023395784543325526
0 0.6167578125000001 0.7135948477751758 0.009546875000000002 0.024519906323185015
0 0.7386796875 0.6944613583138173 0.004703125 0.022037470725995316
0 0.7254140625000001 0.6964988290398128 0.004671875000000001 0.01927400468384075
0 0.6356484375 0.6965807962529273 0.010484375 0.029601873536299766
0 0.5263515625 0.7103395784543326 0.017609375 0.03477751756440281
2 0.7842421875 0.6897775175644028 0.009609375000000002 0.014683840749414518
