2 0.295921875 0.9129694835680752 0.027750000000000004 0.029413145539906104
2 0.40191406250000006 0.9183920187793427 0.035453125 0.03838028169014085
2 0.22435937500000003 0.9292957746478874 0.04546875 0.05948356807511737
2 0.43289062500000003 0.9196713615023474 0.023406250000000003 0.02
2 0.17121093750000002 0.9519366197183098 0.05757812500000001 0.0701643192488263
2 0.0238359375 0.9757511737089201 0.047671875 0.04849765258215963
2 0.0770546875 0.9704342723004695 0.026234375 0.02955399061032864
2 0.3595390625 0.9126760563380282 0.028796875 0.031596244131455405
2 0.319546875 0.9169014084507041 0.02128125 0.020375586854460094
2 0.1955 0.9265727699530517 0.025875 0.043333333333333335
6 0.24792187500000004 0.9061032863849765 0.0345625 0.051924882629107987
