4 0.60746875 0.2477699530516432 0.10046875 0.23173708920187794
4 0.46990625 0.11759389671361502 0.03665625 0.0753755868544601
4 0.3508046875 0.24774647887323945 0.101953125 0.18244131455399062
6 0.3285546875 0.6474765258215962 0.147984375 0.31152582159624415
0 0.7778359375 0.8366784037558685 0.06057812500000001 0.1845305164319249
0 0.6371250000000002 0.5520305164319249 0.03684375 0.058755868544600943
0 0.521109375 0.8053638497652583 0.07387500000000001 0.17767605633802816
0 0.5865781250000001 0.7396244131455398 0.06015625 0.15173708920187795
0 0.6326875 0.7020422535211268 0.051062500000000004 0.14661971830985915
0 0.1951171875 0.7463615023474178 0.057890625 0.1584037558685446
0 0.09775 0.7348239436619719 0.04953125 0.14077464788732394
0 0.041015625 0.7372417840375588 0.05346875 0.16298122065727702
0 0.0963984375 0.38596244131455404 0.019265625 0.05422535211267606
2 0.5257343750000001 0.6141314553990611 0.10184375000000001 0.18812206572769954
2 0.38915625000000004 0.4482042253521127 0.08546875000000001 0.10772300469483569
2 0.41778906250000003 0.38245305164319243 0.06410937500000001 0.09833333333333334
2 0.43200781250000003 0.3280868544600939 0.05567187500000001 0.07471830985915492
2 0.5333828125000001 0.476443661971831 0.083328125 0.12776995305164318
2 0.42121875 0.1698474178403756 0.02371875 0.03504694835680751
2 0.14807812500000003 0.6153638497652582 0.15556250000000002 0.20673708920187792
3 0.63709375 0.7439201877934272 0.030937500000000003 0.10746478873239437
3 0.5213593750000001 0.852018779342723 0.05625 0.14530516431924884
3 0.791171875 0.8656807511737089 0.06409375 0.19408450704225355
4 0.570046875 0.17394366197183098 0.06706250000000001 0.18666666666666668
4 0.6079375 0.11802816901408451 0.0521875 0.06887323943661972
6 0.46236718750000005 0.15163145539906103 0.027859375 0.03753521126760564
0 0.44144531249999996 0.7087323943661971 0.068453125 0.16122065727699533
2 0.5181875 0.3694483568075118 0.05709375 0.08387323943661971
2 0.44110156250000004 0.2732042253521127 0.046828125 0.06753521126760563
2 0.5265390625 0.24852112676056337 0.041390625 0.06596244131455399
2 0.626984375 0.4612089201877934 0.0694375 0.12124413145539906
3 0.10657812500000002 0.777112676056338 0.07009375 0.12530516431924885
3 0.8699218750000001 0.8642018779342723 0.06765625 0.13615023474178403
3 0.436046875 0.7541549295774649 0.04925 0.11173708920187794
3 0.19200000000000003 0.7836971830985915 0.05896875000000001 0.1377230046948357
3 0.0475859375 0.7635798122065727 0.069640625 0.13800469483568076
3 0.1056875 0.41649061032863854 0.029406250000000002 0.04307511737089202
3 0.9625234375 0.8867723004694835 0.074953125 0.15528169014084509
3 0.6955156250000001 0.742699530516432 0.0471875 0.11699530516431926
3 0.8700312500000001 0.6613967136150235 0.03425 0.09598591549295775
0 0.20071875000000003 0.4301056338028169 0.028031250000000004 0.06453051643192488
2 0.2437109375 0.47981220657276996 0.10407812500000001 0.13042253521126762
3 0.8101250000000001 0.6563028169014086 0.026781250000000003 0.041291079812206574
4 0.5081796875 0.16512910798122066 0.04851562500000001 0.09363849765258217
6 0.28175 0.3607981220657277 0.09940625 0.15028169014084505
6 0.4484921875 0.21010563380281694 0.040671875 0.08147887323943662
6 0.73478125 0.4363615023474179 0.12446875 0.21300469483568074
0 0.23496875 0.6635798122065728 0.0485625 0.13561032863849767
0 0.12369531250000002 0.5124413145539906 0.037390625000000004 0.08394366197183098
0 0.50390625 0.5669014084507042 0.9859375 0.7300469483568075
3 0.5 0.47769953051643194 0.9968750000000001 0.7723004694835681
2 0.4734375 0.3591549295774648 0.9375 0.5258215962441315
