0 0.17878125 0.6006269113149847 0.005718750000000001 0.0336085626911315
0 0.16619531250000003 0.6043730886850153 0.005109375 0.03186544342507645
0 0.19777343749999998 0.6109021406727829 0.0053906250000000005 0.030733944954128442
0 0.21077343750000002 0.6030733944954129 0.0054218750000000005 0.03379204892966361
0 0.21780468750000004 0.6067584097859328 0.006234375 0.040183486238532115
0 0.226984375 0.6118654434250765 0.0072499999999999995 0.030336391437308867
0 0.23927343750000005 0.6093730886850154 0.0064218750000000005 0.035321100917431195
0 0.24589062500000003 0.6092813455657493 0.0080625 0.03324159021406728
0 0.5285546875 0.6631192660550459 0.012328125 0.04428134556574924
0 0.31739062500000004 0.6521865443425077 0.01109375 0.025535168195718654
0 0.4907421875 0.6542813455657492 0.009046875000000001 0.039633027522935786
0 0.4609062500000001 0.6476299694189602 0.01065625 0.01746177370030581
0 0.43997656250000006 0.6085168195718654 0.009734375000000002 0.040397553516819576
0 0.51796875 0.6039755351681957 0.8390625 0.1559633027522936
