0 0.7089765625000001 0.5093793911007025 0.40564062500000003 0.895807962529274
0 0.3917421875 0.35023419203747075 0.07973437500000001 0.1699765807962529
0 0.9333125000000001 0.09662763466042154 0.07646875 0.15728337236533957
0 0.8867578125 0.36482435597189694 0.10226562500000001 0.1786416861826698
0 0.8852890625000001 0.10325526932084308 0.05460937500000001 0.15578454332552694
0 0.45647656250000007 0.07173302107728338 0.065734375 0.1304449648711944
0 0.042765625 0.08052693208430912 0.07665625000000001 0.10550351288056205
0 0.642859375 0.08463700234192037 0.09034375 0.12758782201405153
0 0.78934375 0.11079625292740047 0.060875000000000005 0.1301639344262295
0 0.34846875000000005 0.0672248243559719 0.0881875 0.1344496487119438
0 0.48925 0.366288056206089 0.08453125 0.19515222482435596
