2 0.5928359375 0.2677484143763214 0.486359375 0.268816067653277
2 0.12476562499999999 0.2440909090909091 0.22409374999999998 0.2258139534883721
2 0.7209687499999999 0.8511627906976745 0.5580625 0.2976744186046512
4 0.41567187499999997 0.6403065539112052 0.26006250000000003 0.296215644820296
4 0.9639843749999999 0.22107822410147995 0.07203125 0.4349682875264271
0 0.4082890625 0.8157293868921777 0.122359375 0.36854122621564483
0 0.059625 0.7280549682875265 0.035437500000000004 0.13906976744186048
0 0.7641640625 0.6950634249471459 0.040296875 0.08069767441860466
0 0.585375 0.11795983086680761 0.034 0.04564482029598309
0 0.5092578125 0.20258985200845667 0.05795312500000001 0.0725369978858351
0 0.1522578125 0.7122093023255814 0.032140625 0.12890063424947146
0 0.7008203125 0.15282241014799156 0.030703124999999998 0.11528541226215645
0 0.08276562500000001 0.17691331923890066 0.0413125 0.04807610993657505
0 0.5719453125 0.19429175475687105 0.052296875 0.07687103594080338
0 0.7828359375 0.15522198731501058 0.026171875 0.08748414376321353
4 0.8709843750000001 0.12920718816067656 0.11784375000000001 0.25811839323467234
4 0.0839765625 0.6517019027484144 0.065796875 0.14932346723044398
0 0.3967578125 0.6357928118393236 0.038109375 0.05906976744186047
0 0.5757890625000001 0.6838900634249472 0.036296875 0.05704016913319239
0 0.39687500000000003 0.445031712473573 0.5437500000000001 0.6828752642706132
