0 0.195890625 0.3861458333333333 0.14490625 0.23270833333333332
0 0.34926562499999997 0.38697916666666665 0.07153125 0.11682291666666667
0 0.9384140624999999 0.41101562499999994 0.123171875 0.15932291666666665
0 0.8466015625 0.8217447916666667 0.306796875 0.35651041666666666
0 0.732953125 0.09299479166666666 0.050218750000000006 0.11880208333333332
0 0.6975625000000001 0.09434895833333334 0.048218750000000005 0.08098958333333334
0 0.8816171875000001 0.10761718749999999 0.03829687500000001 0.163828125
0 0.4917421875 0.38408854166666667 0.07835937500000001 0.13713541666666665
0 0.39208593750000004 0.2504427083333333 0.033046874999999996 0.10020833333333332
0 0.1583046875 0.35725260416666665 0.026578125000000005 0.09367187499999999
0 0.8081562500000001 0.10472656250000001 0.031 0.11731770833333333
0 0.10446093750000002 0.359375 0.018890625 0.06911458333333333
0 0.4694687500000001 0.27097656249999996 0.029656250000000002 0.062265625
0 0.6742187500000001 0.19401041666666666 0.5296875 0.29947916666666663
