0 0.28202083333333333 0.4440390624999999 0.04854166666666667 0.066703125
0 0.3625520833333333 0.5494375 0.1498125 0.15956250000000002
0 0.07883333333333334 0.6292265625 0.15766666666666668 0.169203125
0 0.5452395833333332 0.44392968750000006 0.02977083333333333 0.062546875
0 0.8270000000000001 0.4761875 0.087375 0.11346875000000001
0 0.7303854166666668 0.43124218750000004 0.029062499999999998 0.037328125000000004
0 0.266375 0.4235546875 0.021916666666666664 0.041109375000000004
0 0.21843749999999998 0.3975859375 0.016166666666666666 0.0073593750000000005
0 0.5044270833333333 0.39971875 0.0090625 0.00825
0 0.8893229166666666 0.45221093749999997 0.035520833333333335 0.082671875
0 0.6318854166666666 0.41992968750000004 0.02977083333333333 0.059546875
2 0.3858958333333333 0.416546875 0.07075000000000001 0.02440625
2 0.29477083333333337 0.41332031250000006 0.11758333333333333 0.031453125
2 0.5616354166666667 0.4172187500000001 0.06877083333333332 0.025500000000000002
