2 0.02815625 0.5095815450643776 0.031187500000000003 0.018433476394849786
0 0.41525 0.719549356223176 0.142375 0.5559227467811159
0 0.2618046875 0.5685407725321888 0.215984375 0.2831330472103004
0 0.33762500000000006 0.8009656652360515 0.15809375000000003 0.398068669527897
0 0.20864062500000002 0.709087982832618 0.144 0.5774892703862661
0 0.6547187500000001 0.590332618025751 0.053062500000000005 0.06581545064377682
0 0.5777578125 0.5662339055793991 0.046328125 0.09920600858369098
0 0.6035 0.5673497854077253 0.0661875 0.09624463519313305
0 0.6183203125 0.5684656652360515 0.076390625 0.102725321888412
0 0.090234375 0.5325321888412017 0.01196875 0.06034334763948498
0 0.11329687499999999 0.5323283261802575 0.01940625 0.06856223175965664
6 0.036125000000000004 0.5347210300429185 0.07190625 0.061716738197424896
