0 0.64803 0.3606626506024097 0.02154 0.050602409638554224
0 0.9193399999999999 0.5275903614457832 0.02632 0.07343373493975903
0 0.98297 0.5421385542168675 0.026940000000000002 0.05024096385542169
0 0.75456 0.5494427710843375 0.02612 0.10250000000000001
0 0.71536 0.4986746987951808 0.01548 0.04271084337349398
0 0.5423100000000001 0.4504367469879519 0.0177 0.041536144578313255
0 0.40295 0.3880572289156627 0.016739999999999998 0.032620481927710845
0 0.84427 0.5350301204819278 0.01722 0.04307228915662651
0 0.43755 0.4145783132530121 0.01886 0.03740963855421687
0 0.46472 0.42147590361445786 0.0096 0.02072289156626506
0 0.55967 0.45759036144578313 0.01778 0.03728915662650603
0 0.65359 0.4785240963855422 0.01726 0.03957831325301205
