0 0.3889375 0.6118032786885246 0.01615625 0.011475409836065575
2 0.2573046875 0.7255620608899297 0.28123437500000004 0.25562060889929744
2 0.79725 0.6365456674473068 0.1193125 0.11782201405152225
2 0.6493125000000001 0.6175058548009368 0.0363125 0.04503512880562061
2 0.7175078125000001 0.6206206088992974 0.030078125 0.05056206088992974
2 0.9448046875000001 0.6136768149882904 0.11039062500000002 0.07451990632318502
0 0.7776484375 0.6037470725995316 0.017265625000000003 0.023747072599531616
0 0.8221562500000001 0.6061241217798595 0.01434375 0.016276346604215456
0 0.9728828125 0.601440281030445 0.016015625000000002 0.018524590163934426
2 0.42947656250000005 0.6740983606557378 0.170171875 0.24224824355971897
2 0.739265625 0.6322950819672132 0.042375 0.10135831381733021
0 0.38953906250000003 0.627224824355972 0.018734375 0.023302107728337233
0 0.451921875 0.61403981264637 0.02665625 0.029953161592505852
