0 0.8727812500000001 0.28440624999999997 0.07328125 0.10202083333333332
0 0.9167890624999999 0.27241666666666664 0.054484375 0.09191666666666666
0 0.8807578125000002 0.16977083333333332 0.021765625 0.11095833333333333
0 0.09292968750000001 0.19506250000000003 0.015578125000000002 0.08579166666666667
0 0.058765625 0.2038229166666667 0.035125 0.07002083333333334
0 0.316640625 0.16835416666666667 0.0141875 0.03266666666666666
0 0.3828046875 0.19298958333333335 0.016921875 0.025104166666666667
0 0.242421875 0.15701041666666668 0.0091875 0.021604166666666664
0 0.17562500000000003 0.1945208333333333 0.03334375 0.02795833333333333
0 0.9616484375 0.19125 0.025546875000000004 0.04895833333333333
0 0.18329687500000003 0.17063541666666668 0.00653125 0.037270833333333336
0 0.8922968750000001 0.23053125 0.10812500000000001 0.020895833333333332
0 0.86840625 0.15042708333333332 0.011125000000000001 0.07339583333333333
0 0.503125 0.19270833333333334 0.9906250000000001 0.18541666666666667
