0 0.12487500000000001 0.7313764705882352 0.08859375000000001 0.3545176470588235
0 0.512734375 0.6390705882352941 0.06428125 0.15037647058823528
0 0.5794765624999999 0.6379882352941175 0.029765625000000004 0.12788235294117647
0 0.1904375 0.727105882352941 0.07868750000000001 0.349835294117647
3 0.5833203125 0.6655294117647059 0.06314062499999999 0.11839999999999999
3 0.5119765625 0.6825999999999999 0.072046875 0.14218823529411764
3 0.3379062500000001 0.6134470588235293 0.01384375 0.04115294117647058
0 0.5258828125 0.5778117647058822 0.013171875 0.030023529411764702
0 0.3354140625 0.5982470588235294 0.017234375 0.045058823529411755
6 0.44157812500000004 0.5941647058823529 0.066 0.07614117647058823
0 0.5691406250000001 0.5824823529411765 0.014000000000000002 0.04915294117647059
0 0.3573515625 0.5987176470588235 0.015671875 0.050564705882352935
3 0.3604140625 0.6164352941176471 0.020703125000000003 0.044211764705882346
2 0.08654687500000001 0.5905647058823529 0.01971875 0.033270588235294114
3 0.5335624999999999 0.5917058823529412 0.039718750000000004 0.04538823529411764
