6 0.618671875 0.23167708333333334 0.17018750000000002 0.14914583333333334
6 0.8457578125 0.3786041666666667 0.195546875 0.20908333333333332
6 0.42190625 0.13294791666666667 0.064125 0.08052083333333333
6 0.3464140625 0.0921875 0.07748437500000001 0.08316666666666667
2 0.9532265624999999 0.65178125 0.093546875 0.09977083333333334
2 0.7159375 0.5296145833333333 0.10221875000000001 0.0826875
2 0.693453125 0.4378229166666667 0.08471875000000001 0.0741875
2 0.46559375000000003 0.3065625 0.06440625 0.051166666666666666
2 0.4688984375 0.27248958333333334 0.049234375000000004 0.0403125
2 0.3759921875 0.1820520833333333 0.043953125 0.042979166666666666
2 0.34121093750000003 0.15190625000000002 0.04485937500000001 0.03839583333333333
6 0.583828125 0.32584375 0.10559375 0.12093749999999999
6 0.7830312500000001 0.43436458333333333 0.10346875 0.07089583333333334
6 0.29584375 0.7674895833333334 0.1086875 0.15302083333333333
6 0.1798046875 0.4762604166666667 0.10729687500000001 0.18093749999999997
6 0.06310937500000001 0.5122187500000001 0.10490625 0.16531249999999997
6 0.1182890625 0.20327083333333335 0.05745312500000001 0.078375
6 0.0131953125 0.16272916666666667 0.025421875 0.09791666666666667
2 0.08092187500000002 0.25996874999999997 0.040781250000000005 0.0436875
2 0.1495546875 0.2717083333333334 0.047640625 0.06420833333333334
2 0.1692890625 0.41842708333333334 0.060828125000000004 0.06539583333333333
2 0.16225781250000001 0.36621875 0.051921875 0.06535416666666667
4 0.13435156250000002 0.7841562500000001 0.21110937500000004 0.4316875
6 0.0464140625 0.41212499999999996 0.085390625 0.12870833333333334
2 0.5714375 0.9853229166666667 0.1026875 0.029354166666666667
6 0.4234375 0.5 0.84375 0.9958333333333333
2 0.2671875 0.11666666666666667 0.08125 0.075
