0 0.5480078125000001 0.4524829931972789 0.203671875 0.580249433106576
0 0.337890625 0.40371882086167804 0.1365625 0.27147392290249434
0 0.738609375 0.5128004535147392 0.49240625 0.9460544217687075
0 0.2643828125 0.4757256235827665 0.07782812500000001 0.42342403628117914
0 0.2357109375 0.33604308390022675 0.047296875 0.11385487528344672
0 0.0963203125 0.3647619047619048 0.087609375 0.18004535147392292
0 0.187328125 0.3601927437641723 0.0711875 0.1660544217687075
0 0.15226562500000002 0.30973922902494333 0.029437500000000002 0.06034013605442177
0 0.45417187499999995 0.5005895691609977 0.09384375 0.4753287981859411
0 0.6197109375000001 0.25587301587301586 0.08726562500000001 0.15750566893424034
