0 0.253894472361809 0.34253125 0.3644053601340034 0.6585000000000001
0 0.6124371859296482 0.0677578125 0.08266331658291458 0.09223437500000001
0 0.3894221105527638 0.12662500000000002 0.07887772194304858 0.061312500000000006
0 0.18790619765494138 0.6630703125 0.25534338358458963 0.408984375
0 0.35643216080402007 0.089984375 0.07896147403685093 0.11284375
0 0.06041876046901173 0.0720546875 0.05916247906197655 0.08742187500000001
0 0.32923785594639865 0.12060156250000001 0.04443886097152429 0.049953125
0 0.5579815745393635 0.1523203125 0.032814070351758796 0.049734375
0 0.15931323283082077 0.09784375000000001 0.05544388609715243 0.05562500000000001
0 0.39344221105527644 0.05994531250000001 0.05201005025125628 0.080296875
0 0.3157286432160804 0.07096093750000002 0.0500502512562814 0.063421875
0 0.2890536013400335 0.09342187500000002 0.04155778894472362 0.06534375
0 0.6942127303182579 0.062390625000000005 0.08715242881072027 0.11309374999999999
0 0.4380234505862647 0.11875000000000001 0.7989949748743719 0.209375
