0 0.6427166276346604 0.8219375 0.08257611241217798 0.06021875
0 0.7095081967213114 0.406375 0.01971896955503513 0.034125
0 0.11194379391100702 0.5693125 0.02459016393442623 0.03590625
0 0.7283138173302106 0.4766484375 0.020327868852459016 0.023203125
0 0.9131264637002341 0.45085937500000006 0.01557377049180328 0.022093750000000002
0 0.9453044496487121 0.42564062500000005 0.019508196721311474 0.021812500000000002
0 0.9162529274004683 0.4124140625 0.009508196721311474 0.018171875
0 0.5652224824355971 0.4866406250000001 0.018501170960187354 0.0204375
0 0.15174473067915692 0.439484375 0.011124121779859485 0.02371875
0 0.8929156908665105 0.4584765625 0.014730679156908665 0.016359375000000002
0 0.7942740046838407 0.4248203125 0.020023419203747075 0.020734375
0 0.9726697892271663 0.33670312500000005 0.00468384074941452 0.009375000000000001
0 0.257096018735363 0.5031484375 0.0061358313817330215 0.004796875
0 0.9168618266978923 0.371875 0.16159250585480095 0.1125
