0 0.9770833333333333 0.8086111111111112 0.04583333333333333 0.16305555555555556
0 0.9323333333333333 0.8093194444444444 0.05383333333333333 0.1733611111111111
0 0.8851354166666665 0.7530694444444446 0.06235416666666666 0.2644722222222222
0 0.9601666666666666 0.6731944444444444 0.07966666666666666 0.09600000000000002
0 0.8004791666666665 0.5995277777777779 0.04829166666666666 0.15066666666666667
0 0.9432083333333333 0.4885833333333333 0.039749999999999994 0.06461111111111112
0 0.8864791666666666 0.5877777777777777 0.042374999999999996 0.07194444444444445
0 0.9668125000000001 0.5683611111111112 0.05508333333333334 0.036444444444444446
0 0.66434375 0.43418055555555557 0.043979166666666666 0.05141666666666667
0 0.8541041666666667 0.53325 0.04466666666666667 0.1267777777777778
0 0.8450520833333334 0.7369027777777777 0.05227083333333333 0.10969444444444446
0 0.7821770833333335 0.6848055555555556 0.07202083333333334 0.2798333333333333
0 0.85221875 0.6504861111111112 0.028729166666666663 0.06319444444444444
0 0.7395833333333334 0.5194444444444445 0.5166666666666666 0.7666666666666667
