4 0.5258437499999999 0.4539270833333333 0.8224687500000001 0.3910208333333333
4 0.0613203125 0.4377395833333333 0.119609375 0.1974375
0 0.9191796875000002 0.6321041666666667 0.060796875 0.129125
0 0.9848671874999999 0.59775 0.030265625000000004 0.07020833333333334
0 0.9410703125 0.5042500000000001 0.028484375000000003 0.14875000000000002
0 0.51378125 0.4438958333333333 0.014687500000000001 0.07024999999999999
0 0.10820312500000001 0.40734375 0.01959375 0.03197916666666666
0 0.5096328125 0.6633749999999999 0.06192187500000001 0.08966666666666666
0 0.08978124999999999 0.41038541666666667 0.017906250000000002 0.0278125
4 0.9714296874999999 0.40909375000000003 0.057140625 0.31947916666666665
0 0.54634375 0.44525 0.0500625 0.07079166666666666
