0 0.4331484375000001 0.22741666666666666 0.15842187500000002 0.4472083333333333
0 0.23171875000000003 0.27894791666666663 0.07746875 0.11072916666666666
0 0.165296875 0.28227083333333336 0.0571875 0.17991666666666667
0 0.03134375 0.30928124999999995 0.0505625 0.13539583333333333
0 0.969375 0.17971875 0.061250000000000006 0.26260416666666664
0 0.30107031250000005 0.27451041666666665 0.043828125 0.08285416666666667
0 0.5246484375 0.23846875 0.022890625 0.08272916666666667
0 0.08553125 0.29822916666666666 0.0569375 0.14058333333333334
0 0.497875 0.24874999999999997 0.026187500000000002 0.07195833333333333
0 0.48059375 0.2512916666666667 0.01659375 0.06795833333333333
0 0.3195234375 0.26829166666666665 0.032921875 0.08187499999999999
2 0.754 0.23260416666666667 0.02046875 0.008583333333333333
