4 0.19616 0.6759733333333332 0.39152 0.20138666666666666
0 0.5883400000000001 0.7193733333333333 0.03448 0.1604
0 0.88476 0.7029866666666666 0.11908 0.19296
0 0.49375 0.8981066666666665 0.16741999999999999 0.20378666666666667
0 0.87494 0.9122666666666666 0.12668000000000001 0.17546666666666666
0 0.48474 0.744 0.05576 0.14965333333333333
0 0.33524000000000004 0.7698 0.05928 0.2081333333333333
0 0.7103100000000001 0.9177999999999998 0.11318 0.1441333333333333
0 0.10747 0.7814933333333333 0.04206 0.14997333333333335
0 0.12117 0.9269466666666667 0.05994 0.14317333333333332
0 0.6028600000000001 0.5628933333333334 0.01304 0.057146666666666665
0 0.76681 0.7616133333333334 0.0861 0.28381333333333336
0 0.53511 0.7606666666666666 0.02866 0.15056
1 0.6157800000000001 0.6888266666666667 0.02164 0.05552
2 0.30331 0.9636933333333333 0.2221 0.07261333333333334
2 0.8969100000000001 0.69296 0.20542 0.10074666666666666
0 0.55551 0.7367199999999999 0.024260000000000004 0.15872
0 0.556 0.7573333333333333 0.872 0.48
