2 0.9046640625000001 0.5608631578947368 0.042109375000000004 0.026526315789473683
2 0.7464296875 0.5615157894736843 0.045796875 0.02703157894736842
2 0.4135078125 0.5469999999999999 0.049109375000000004 0.028694736842105262
2 0.053976562500000005 0.5444947368421053 0.042921875 0.021031578947368422
2 0.0970078125 0.5485578947368421 0.037609375 0.024694736842105262
2 0.8692187500000002 0.5600210526315789 0.03309375 0.024126315789473687
2 0.326078125 0.5449157894736841 0.0416875 0.028652631578947367
2 0.3708203125 0.5498526315789474 0.04454687500000001 0.02286315789473684
2 0.49025 0.5481473684210526 0.044312500000000005 0.017347368421052632
0 0.6686328125 0.6184105263157895 0.042640625 0.15362105263157894
0 0.8497343750000002 0.5624526315789473 0.01209375 0.02696842105263158
0 0.3538671875 0.7497473684210526 0.06867187500000001 0.26193684210526313
2 0.025460937500000003 0.5414842105263158 0.036296875 0.026
2 0.28368750000000004 0.5486 0.036687500000000005 0.027052631578947366
2 0.5315078125 0.5519263157894737 0.048796875 0.028189473684210528
0 0.329921875 0.549978947368421 0.01059375 0.032
0 0.40271875 0.5321157894736842 0.00384375 0.007726315789473684
2 0.58590625 0.5566736842105263 0.041281250000000005 0.026568421052631578
2 0.5750000000000001 0.5494736842105263 0.7875000000000001 0.05052631578947368
