0 0.8053629976580796 0.90453125 0.13274004683840748 0.19040625
0 0.4656088992974239 0.9181718750000001 0.0635831381733021 0.09803125000000001
0 0.3023887587822014 0.8798281250000001 0.015503512880562061 0.06209375
0 0.15162763466042156 0.8778671875000001 0.019320843091334895 0.029328125
0 0.12817330210772834 0.8785000000000001 0.011100702576112413 0.023906250000000004
0 0.5449063231850118 0.8668359375000002 0.00873536299765808 0.015046875000000001
0 0.058676814988290395 0.8806953125 0.009203747072599532 0.015015625
0 0.17248243559718968 0.878125 0.011522248243559718 0.025124999999999998
0 0.7235011709601874 0.8606015625 0.010046838407494145 0.013703125
0 0.606791569086651 0.8684140625 0.014098360655737704 0.008984375000000001
0 0.3985948477751757 0.8758671874999999 0.006276346604215457 0.011890625000000002
0 0.3167213114754098 0.9183828125 0.06519906323185011 0.107546875
