0 0.879775 0.7101166666666667 0.13485 0.5258333333333334
0 0.6134124999999999 0.5745500000000001 0.032575 0.12116666666666667
0 0.073125 0.6541833333333333 0.14625 0.5737000000000001
0 0.35068750000000004 0.5990500000000001 0.048325 0.28250000000000003
0 0.6509 0.5685333333333333 0.03875 0.1372
0 0.7383750000000001 0.5618833333333334 0.022400000000000003 0.10416666666666667
0 0.761875 0.54315 0.02435 0.07356666666666667
0 0.46169999999999994 0.5682666666666668 0.0335 0.14453333333333335
0 0.5965499999999999 0.5272333333333333 0.02335 0.06613333333333334
0 0.6925125 0.5774333333333334 0.041525 0.12813333333333332
0 0.5256375 0.6115 0.083425 0.2698
0 0.7963250000000001 0.5293500000000001 0.0406 0.07996666666666667
0 0.7200624999999999 0.55525 0.023275 0.12789999999999999
0 0.6275000000000001 0.54 0.455 0.2
