0 0.30996875 0.5900833333333333 0.5050625000000001 0.7950416666666666
0 0.7114453125000001 0.669 0.31357812500000004 0.6619999999999999
0 0.5543671874999999 0.28561458333333334 0.057890625 0.17347916666666666
0 0.6067734375000001 0.27970833333333334 0.060890625000000004 0.16433333333333333
0 0.6514062500000001 0.28846875 0.03546875 0.10818749999999999
0 0.8163125000000001 0.3906770833333333 0.07112500000000001 0.3633125
0 0.5199375 0.42696874999999995 0.09943750000000001 0.38202083333333337
0 0.6996640625000001 0.31422916666666667 0.08554687500000001 0.22770833333333332
0 0.10834375000000002 0.5298958333333333 0.14284375000000002 0.5002083333333334
0 0.81853125 0.22173958333333332 0.04806250000000001 0.0694375
0 0.19199218750000002 0.34889583333333335 0.08804687500000001 0.15287499999999998
0 0.5146640625 0.24895833333333334 0.04195312500000001 0.09658333333333333
0 0.14725000000000002 0.31355208333333334 0.02796875 0.1014375
0 0.465625 0.26666666666666666 0.39687500000000003 0.14166666666666666
