3 0.5486182669789228 0.5729296875 0.9027634660421546 0.747203125
0 0.7477283372365339 0.17865625 0.21555035128805622 0.3483125
0 0.45139344262295084 0.09300000000000001 0.11051522248243559 0.18434375000000003
0 0.5942271662763466 0.11019531250000002 0.1163231850117096 0.218984375
0 0.8827166276346604 0.1263203125 0.10177985948477752 0.251921875
0 0.9360187353629976 0.15489843749999999 0.12796252927400467 0.276828125
0 0.1544847775175644 0.12321875 0.09824355971896956 0.23768750000000002
0 0.2615807962529274 0.07984375 0.25482435597189695 0.14596875
0 0.5286533957845434 0.0581875 0.08161592505854802 0.116375
0 0.39885245901639343 0.32371875000000006 0.5749882903981265 0.46368750000000003
0 0.3132903981264637 0.13431250000000003 0.1476112412177986 0.145375
3 0.9357611241217798 0.38799218750000003 0.12847775175644027 0.278953125
0 0.6419906323185012 0.1127109375 0.05250585480093677 0.21857812499999998
