0 0.330640625 0.5881458333333334 0.03596875 0.19108333333333333
0 0.1370390625 0.6253854166666667 0.091421875 0.2763958333333333
0 0.040796875 0.7304999999999999 0.08159375 0.5357916666666667
0 0.5076484375 0.43865625 0.035828125 0.05027083333333333
6 0.20319531250000003 0.5631041666666666 0.251359375 0.31954166666666667
6 0.46823437500000004 0.5422291666666667 0.33725000000000005 0.30625
6 0.8158203125000001 0.5691666666666666 0.238609375 0.21641666666666665
3 0.7874375 0.4618541666666667 0.144 0.09554166666666666
3 0.47754687500000004 0.46339583333333334 0.1700625 0.12104166666666667
3 0.19606250000000003 0.4653229166666667 0.17890625000000002 0.11985416666666666
