1 0.7430266666666666 0.9442200000000001 0.15746666666666664 0.08172
4 0.68596 0.46012000000000003 0.5683466666666667 0.24144000000000002
0 0.7316933333333333 0.82134 0.054906666666666666 0.11936000000000001
0 0.47794666666666663 0.76912 0.052373333333333334 0.0792
0 0.4808133333333333 0.68038 0.02648 0.0374
0 0.208 0.6726900000000001 0.019039999999999998 0.032979999999999995
0 0.17153333333333334 0.69275 0.054746666666666666 0.09545999999999999
0 0.8406133333333333 0.62075 0.03968 0.09286
0 0.7216666666666667 0.58704 0.023866666666666665 0.04348
0 0.84712 0.25806 0.031573333333333335 0.05644
0 0.21570666666666669 0.84028 0.05445333333333333 0.1202
0 0.7381466666666666 0.23432000000000003 0.025626666666666666 0.0596
0 0.6739999999999999 0.22552000000000003 0.03130666666666666 0.05568
0 0.6234533333333333 0.5760799999999999 0.026853333333333333 0.0798
0 0.33050666666666667 0.90944 0.05930666666666666 0.11688
0 0.472 0.484 0.8746666666666666 0.716
