0 0.638703125 0.6033723653395784 0.20390625 0.6763934426229508
0 0.32318749999999996 0.5872365339578455 0.19887500000000002 0.6763466042154567
0 0.151484375 0.5339578454332553 0.12759375 0.44922716627634657
0 0.376953125 0.48745901639344263 0.05712500000000001 0.36723653395784545
0 0.5613984375 0.47982435597189693 0.086796875 0.37627634660421544
0 0.9102968750000001 0.3974590163934426 0.03753125 0.059508196721311475
0 0.19134375000000003 0.46816159250585476 0.05959375 0.30072599531615923
0 0.8686484375000001 0.3849297423887588 0.045640625000000004 0.08517564402810304
0 0.8188671875000001 0.3690866510538642 0.035578125 0.06637002341920374
0 0.7944453125000001 0.3915573770491803 0.032171875 0.0680327868852459
0 0.8901250000000002 0.38132318501170964 0.022156250000000002 0.08559718969555034
0 0.7748593750000001 0.3903981264637002 0.03765625 0.0732552693208431
0 0.9542812500000001 0.38504683840749415 0.0495625 0.08812646370023419
0 0.5953125 0.36885245901639346 0.8031250000000001 0.14754098360655737
