0 0.536109375 0.5414479166666666 0.26928125 0.4549375
0 0.29475781250000005 0.5945937499999999 0.23479687500000002 0.30406249999999996
0 0.079390625 0.5810729166666667 0.15878125 0.3986458333333333
0 0.22067968750000003 0.0706875 0.08926562500000002 0.141375
0 0.4328671875 0.06475 0.067484375 0.12520833333333334
0 0.7391484375 0.056625 0.094109375 0.11154166666666666
0 0.8067656249999999 0.05303125 0.08903125 0.10422916666666666
0 0.91334375 0.05013541666666667 0.06771875000000001 0.10022916666666666
0 0.7435 0.36753125 0.06921875 0.08647916666666666
0 0.6788984375 0.3943333333333333 0.081046875 0.081
0 0.976171875 0.0464375 0.047656250000000004 0.092875
0 0.503046875 0.061468749999999996 0.07815625000000001 0.12293749999999999
0 0.1580859375 0.07467708333333332 0.090203125 0.1305625
0 0.5 0.23645833333333333 0.9968750000000001 0.47291666666666665
