0 0.261828125 0.6385208333333333 0.22634375000000004 0.4549583333333333
0 0.236859375 0.6352291666666667 0.11640625 0.33575
0 0.5991171875 0.5647083333333334 0.058234375000000005 0.2964583333333334
0 0.6544921875 0.51553125 0.051984375000000006 0.22768750000000001
0 0.7147031250000001 0.48850000000000005 0.05128125 0.19395833333333332
0 0.48678906250000004 0.53828125 0.043953125 0.1680625
0 0.8836171875000001 0.4725729166666666 0.033359375000000004 0.13639583333333333
0 0.39128125 0.5398020833333333 0.05103125 0.18389583333333331
0 0.7957421875 0.4961562500000001 0.068578125 0.11164583333333333
0 0.3582109375 0.58753125 0.073390625 0.2233125
0 0.8496015625000001 0.47983333333333333 0.046203125000000005 0.14658333333333334
0 0.443296875 0.49376041666666665 0.02478125 0.12418749999999999
4 0.038867187500000004 0.4799999999999999 0.07773437500000001 0.08129166666666668
0 0.50625 0.503125 0.9500000000000001 0.17291666666666666
