0 0.444703947368421 0.49775 0.32800438596491227 0.57303125
0 0.6321491228070175 0.5048984375 0.18381578947368418 0.511859375
2 0.3228837719298246 0.31570312500000003 0.06984649122807017 0.02459375
2 0.2739364035087719 0.3161953125 0.06471491228070175 0.027859375
2 0.5354057017543858 0.31096875 0.062127192982456135 0.0313125
1 0.03421052631578947 0.3774609375 0.058289473684210516 0.086578125
1 0.045427631578947365 0.34803125 0.09085526315789473 0.11093750000000001
1 0.10890350877192981 0.36778125 0.07271929824561402 0.0643125
1 0.14368421052631578 0.3609609375 0.05364035087719298 0.07442187500000001
1 0.16900219298245614 0.3595 0.07054824561403508 0.083625
1 0.24276315789473685 0.352390625 0.07640350877192983 0.080625
1 0.2915679824561403 0.361109375 0.03835526315789473 0.06709375
1 0.015263157894736841 0.3919609375 0.030526315789473683 0.060046875
1 0.3128508771929825 0.35380468750000005 0.04407894736842105 0.076796875
1 0.1994956140350877 0.36110937500000007 0.05267543859649122 0.0651875
2 0.2712280701754386 0.303984375 0.0581578947368421 0.017687500000000002
2 0.7067434210526317 0.34070312500000005 0.13646929824561402 0.09393750000000001
2 0.7710964912280701 0.3449921875 0.08017543859649123 0.059109375
0 0.8208881578947368 0.3188828125 0.04822368421052631 0.071703125
0 0.5440131578947368 0.32792187500000003 0.02907894736842105 0.057499999999999996
