3 0.18441406250000003 0.5901405152224825 0.254890625 0.5191100702576112
3 0.38658593750000003 0.5204449648711944 0.17910937500000002 0.3199063231850117
3 0.5026640625000001 0.4822248243559719 0.18114062500000003 0.2892271662763466
3 0.5775234375 0.45296252927400465 0.141609375 0.2621311475409836
3 0.6424453125 0.44569086651053863 0.172421875 0.20449648711943794
3 0.67825 0.39779859484777513 0.168 0.19030444964871196
6 0.22721875000000002 0.27594847775175646 0.07646875 0.09400468384074942
0 0.8855859375000001 0.4492505854800936 0.169796875 0.46192037470726
0 0.8516328125 0.2726697892271663 0.032796874999999996 0.06571428571428571
0 0.8664375 0.2849648711943794 0.0548125 0.11540983606557377
0 0.7712421875000001 0.3534660421545668 0.037046875 0.20758782201405152
0 0.5273671875000001 0.3086533957845433 0.031359375 0.16199063231850117
0 0.8281796875 0.26885245901639343 0.024796875 0.0722248243559719
0 0.7128828125000001 0.27987119437939106 0.020171875000000002 0.06400468384074941
0 0.942328125 0.6604683840749415 0.11534375 0.2356440281030445
0 0.33434375000000005 0.32696721311475413 0.05396875 0.1685480093676815
0 0.5926171875 0.2830210772833724 0.044515625 0.11920374707259952
0 0.12101562499999999 0.2982903981264637 0.037125000000000005 0.14557377049180328
0 0.4896328125 0.3302810304449649 0.04064062500000001 0.19044496487119436
2 0.7575234375000001 0.3487470725995316 0.176359375 0.1344496487119438
0 0.6441875 0.28736533957845434 0.026218750000000002 0.09402810304449648
0 0.49765625 0.3360655737704918 0.9953125 0.2505854800936768
