0 0.7946640625 0.6105520833333333 0.10279687500000001 0.4179791666666666
0 0.6772031250000001 0.07172916666666666 0.031 0.05945833333333333
0 0.5351171875 0.19369791666666666 0.065734375 0.19102083333333333
0 0.4927734375 0.03302083333333333 0.025078125000000003 0.036458333333333336
0 0.5485625 0.04858333333333333 0.01696875 0.032125
0 0.607234375 0.04822916666666667 0.0325 0.06716666666666667
0 0.9078046875000001 0.25767708333333333 0.044140625 0.18835416666666666
0 0.9267421875 0.13034374999999998 0.033921875000000004 0.0755625
0 0.6435703125000001 0.6713749999999999 0.114796875 0.25133333333333335
0 0.1046328125 0.039177083333333335 0.034796875 0.0634375
0 0.8534062500000001 0.06359374999999999 0.02375 0.04577083333333333
0 0.828484375 0.10733333333333334 0.03546875 0.06633333333333333
0 0.5028281250000001 0.5807812499999999 0.15940625 0.29156249999999995
0 0.49921875000000004 0.096875 0.9984375000000001 0.19375
