0 0.521765625 0.6101054852320674 0.46434375000000006 0.7393248945147679
0 0.46401562500000004 0.28189873417721517 0.08040625000000001 0.12430379746835442
0 0.23407812500000003 0.4135759493670886 0.20115625000000004 0.38272151898734175
0 0.8703125 0.6943037974683545 0.259375 0.4554430379746835
0 0.46987500000000004 0.046118143459915606 0.1259375 0.08784810126582278
0 0.5835078125000001 0.04879746835443037 0.102640625 0.0871308016877637
0 0.15733593750000002 0.03209915611814346 0.07514062500000002 0.06419831223628691
0 0.23338281250000004 0.03563291139240506 0.12076562500000002 0.07126582278481013
0 0.0914921875 0.3929430379746835 0.17948437500000003 0.385886075949367
0 0.7824453125000002 0.4470675105485232 0.18820312500000003 0.390590717299578
0 0.35840625000000004 0.34455696202531644 0.13625 0.1493248945147679
0 0.9654375000000001 0.06418776371308016 0.069125 0.10491561181434597
0 0.3591796875 0.5567827004219409 0.086453125 0.12162447257383965
0 0.34765625 0.3175105485232067 0.6953125 0.609704641350211
