4 0.36102343750000004 0.5 0.713109375 0.9730188679245283
0 0.12470312500000001 0.2752004716981132 0.11590625000000002 0.216438679245283
0 0.7532734375000001 0.9230542452830188 0.059296875000000006 0.12370283018867925
0 0.8018984375000001 0.9060495283018868 0.038015625 0.07483490566037736
0 0.83825 0.9134551886792452 0.044062500000000004 0.09488207547169811
0 0.8548984375 0.9743278301886792 0.023984375000000002 0.051344339622641504
0 0.7721171875000001 0.9714504716981133 0.050171875000000005 0.05709905660377358
0 0.7478671875 0.9859905660377358 0.029265625000000003 0.028018867924528304
0 0.659578125 0.9768278301886792 0.028000000000000004 0.046344339622641506
0 0.32195312500000006 0.20153301886792452 0.0694375 0.29698113207547167
0 0.19530468750000002 0.9281014150943395 0.069046875 0.14379716981132074
0 0.8918906249999999 0.9684551886792453 0.03634375 0.06308962264150943
0 0.8279531250000001 0.9803891509433962 0.03625 0.03922169811320755
0 0.8046328125 0.9696816037735849 0.030265625000000004 0.060636792452830185
0 0.72578125 0.9587264150943395 0.44843750000000004 0.07311320754716981
