2 0.9615390625 0.34867903930131 0.076921875 0.13858078602620086
2 0.45152343750000007 0.3105567685589519 0.16117187500000002 0.0981004366812227
2 0.7251015625 0.1935589519650655 0.066046875 0.0748471615720524
2 0.9940937500000001 0.17272925764192135 0.0118125 0.04820960698689956
2 0.969125 0.13867903930131004 0.060625 0.0706768558951965
2 0.5183359375000001 0.012489082969432313 0.029796875 0.024978165938864625
6 0.467171875 0.5471834061135371 0.6770312500000001 0.49213973799126637
0 0.18171875 0.2852729257641921 0.02140625 0.04548034934497816
0 0.21169531249999998 0.28943231441048034 0.018015625 0.022663755458515285
0 0.21452343750000002 0.44447598253275106 0.045703125000000004 0.042576419213973794
2 0.9003515625 0.10829694323144103 0.067859375 0.06340611353711789
2 0.8404296875 0.08922489082969433 0.063453125 0.060109170305676855
2 0.7724531250000001 0.07290393013100437 0.06509374999999999 0.059868995633187774
