2 0.047171875 0.5782903981264638 0.09328125000000001 0.20360655737704916
2 0.9395625 0.5570374707259954 0.12087500000000001 0.07796252927400468
2 0.7008984375 0.529344262295082 0.127953125 0.11967213114754098
2 0.1721796875 0.4621896955503513 0.050171875000000005 0.03370023419203747
0 0.149265625 0.5781850117096019 0.029843750000000002 0.053840749414519905
0 0.123125 0.47378220140515226 0.036187500000000004 0.047096018735362996
0 0.66390625 0.5046838407494145 0.01903125 0.031943793911007025
0 0.707125 0.5057728337236534 0.01240625 0.024519906323185015
6 0.22564843750000005 0.6427049180327868 0.286359375 0.35056206088992975
6 0.148140625 0.4586299765807962 0.10631250000000002 0.04470725995316159
0 0.13030468750000002 0.4270140515222482 0.033234375000000003 0.0334192037470726
0 0.05090625 0.5218735362997659 0.047843750000000004 0.04562060889929743
0 0.2858046875 0.5783489461358313 0.044078125 0.04925058548009368
0 0.7175078125000001 0.5100117096018735 0.007046875 0.009999999999999998
0 0.7337578125 0.5054098360655738 0.013671875 0.021311475409836064
0 0.093828125 0.4473887587822014 0.0249375 0.06456674473067915
0 0.19255468750000002 0.5666042154566745 0.016203125 0.035550351288056205
6 0.28626562499999997 0.43120608899297425 0.35328125 0.1679391100702576
2 0.0970234375 0.49197892271662763 0.122046875 0.11510538641686183
