0 0.3317421875 0.3916397228637413 0.011640625000000002 0.01736720554272517
0 0.4297187500000001 0.3923903002309469 0.00953125 0.009445727482678983
0 0.3946015625 0.3986027713625866 0.015328125000000001 0.025750577367205544
0 0.34875781250000004 0.39314087759815247 0.014546875 0.01612009237875289
0 0.781703125 0.42372979214780604 0.01015625 0.01697459584295612
0 0.414296875 0.39168591224018473 0.0195625 0.021986143187066973
0 0.7681562500000001 0.42823325635103926 0.00678125 0.013279445727482679
0 0.7758437499999999 0.4205773672055427 0.00790625 0.016212471131639723
0 0.321125 0.3914665127020785 0.01828125 0.02413394919168591
0 0.36357812500000003 0.3903002309468822 0.01815625 0.024157043879907622
0 0.2978359375 0.39248267898383377 0.016234375000000002 0.030692840646651266
0 0.26796875000000003 0.42609699769053117 0.0484375 0.09468822170900693
