0 0.3620234375 0.61078125 0.039734375 0.19310416666666666
0 0.6272578125 0.4894166666666666 0.031296875 0.11916666666666667
0 0.712296875 0.50025 0.01515625 0.05420833333333333
0 0.8816953125 0.6492708333333334 0.056703125 0.23041666666666666
0 0.6741250000000001 0.48476041666666664 0.0124375 0.05589583333333333
0 0.0948046875 0.5000104166666667 0.034015625 0.1169375
0 0.5311953125 0.5131979166666667 0.029484375000000004 0.07222916666666666
0 0.505421875 0.4846979166666667 0.021781250000000002 0.0496875
0 0.5607734375 0.46765625 0.019234375 0.0679375
0 0.19625781250000002 0.5102187499999999 0.022296875 0.09260416666666667
0 0.3957421875 0.9303958333333334 0.201515625 0.13920833333333332
0 0.6491562500000001 0.49290625 0.01734375 0.024645833333333332
0 0.863390625 0.47798958333333336 0.0165625 0.08085416666666667
0 0.24609375 0.50625 0.0578125 0.1125
