2 0.33686718750000005 0.39299999999999996 0.15385937500000002 0.12791666666666665
0 0.20476562500000003 0.48107291666666663 0.13009375 0.4625208333333333
0 0.8787421875 0.39210416666666664 0.028203125000000002 0.24120833333333333
0 0.9019140625 0.40603125 0.033328125 0.2643125
0 0.9430546875 0.42766666666666664 0.05014062500000001 0.33770833333333333
0 0.7206171875 0.35482291666666665 0.020828125000000003 0.09431250000000001
0 0.7083828125 0.33797916666666666 0.015953125000000002 0.04758333333333333
3 0.5338906250000001 0.5684166666666667 0.39803125000000006 0.24558333333333332
0 0.9171875 0.42380208333333336 0.03446875 0.2768125
0 0.975234375 0.4456666666666667 0.04953125 0.38758333333333334
0 0.12610156250000001 0.42131250000000003 0.061265625000000004 0.163375
0 0.05025000000000001 0.5134270833333333 0.09781250000000001 0.3939791666666667
3 0.292828125 0.7253020833333332 0.58565625 0.5493958333333333
3 0.6166015625000001 0.42335416666666664 0.199421875 0.11699999999999999
3 0.734234375 0.4695104166666666 0.08206250000000001 0.11943749999999999
3 0.4009218750000001 0.7407395833333333 0.5648125 0.5135624999999999
3 0.5790859374999999 0.48208333333333336 0.301046875 0.24554166666666666
3 0.6039140625 0.4518333333333333 0.24526562500000001 0.135125
3 0.6441250000000001 0.4438645833333333 0.20115625000000004 0.19222916666666665
3 0.6645625000000001 0.41870833333333335 0.16893750000000002 0.14879166666666666
3 0.7362578125 0.38735416666666667 0.136328125 0.07991666666666666
3 0.7801328125 0.45839583333333334 0.049828125 0.10829166666666666
