2 0.949203125 0.3412395833333334 0.10159375 0.09581250000000001
6 0.5047421875000001 0.28672916666666665 0.15951562500000002 0.11745833333333333
0 0.287078125 0.35809375 0.1438125 0.4156458333333333
0 0.9302578125000001 0.5288020833333333 0.139484375 0.4026875
0 0.7930859375000001 0.434875 0.06360937500000001 0.25295833333333334
0 0.4518984375000001 0.32939583333333333 0.041171875000000004 0.14941666666666667
0 0.40528125000000004 0.3386145833333334 0.027875 0.11347916666666666
0 0.35811718750000004 0.34217708333333335 0.019796875000000002 0.11322916666666667
0 0.21940625 0.3806354166666666 0.030375000000000003 0.19602083333333334
0 0.15023437500000003 0.35181250000000003 0.0343125 0.11966666666666666
0 0.08280468750000002 0.34309375 0.028140625000000002 0.14164583333333333
0 0.046640625000000005 0.3604479166666667 0.0310625 0.12602083333333333
0 0.380578125 0.33917708333333335 0.043375000000000004 0.11564583333333332
0 0.206015625 0.34658333333333335 0.031531250000000004 0.18820833333333334
2 0.819765625 0.32545833333333335 0.17259375 0.10666666666666667
