0 0.4496328125 0.13676880222841223 0.199984375 0.2690807799442897
0 0.5698671875 0.08175487465181058 0.08010937500000001 0.1613927576601671
0 0.087609375 0.15168523676880225 0.13740625 0.24493036211699165
0 0.8989921875000001 0.2026601671309192 0.198609375 0.39518105849582175
0 0.17346875 0.0650974930362117 0.028999999999999998 0.11805013927576602
0 0.40250781249999995 0.03933147632311978 0.019421875 0.04774373259052925
0 0.2397734375 0.16562674094707522 0.173546875 0.33125348189415044
0 0.6594375000000001 0.11675487465181059 0.16290625000000003 0.17674094707520893
0 0.31709375 0.10147632311977715 0.0579375 0.13030640668523677
0 0.14889062500000003 0.09880222841225626 0.043750000000000004 0.07799442896935933
