0 0.23198437500000002 0.5007962529274004 0.09696875 0.2486182669789227
0 0.9569140625 0.4401639344262295 0.020734375 0.09793911007025762
0 0.875640625 0.43668618266978926 0.0204375 0.09482435597189696
0 0.8561953125000001 0.44289227166276346 0.027015625 0.09252927400468383
0 0.9103828125 0.44135831381733015 0.024484375000000003 0.11395784543325527
0 0.8397890625000001 0.4343091334894614 0.014484375 0.08557377049180327
1 0.4610000000000001 0.6322014051522248 0.07325000000000001 0.20323185011709602
0 0.7982968750000001 0.4232084309133489 0.00971875 0.06941451990632319
0 0.9318515625 0.40860655737704915 0.011015625000000001 0.02081967213114754
0 0.035687500000000004 0.4133489461358314 0.015437500000000002 0.04562060889929743
1 0.2223359375 0.6075292740046839 0.149203125 0.19533957845433256
0 0.8132578125000001 0.43235362997658083 0.022203125000000004 0.09529274004683841
