2 0.656375 0.5799872448979592 0.06428125 0.09874999999999999
4 0.18146093750000003 0.6055484693877551 0.324546875 0.4186989795918367
4 0.558125 0.5471811224489795 0.09221875000000002 0.17752551020408164
4 0.6224375000000001 0.548954081632653 0.023656250000000004 0.042755102040816326
0 0.6181484375 0.7409693877551019 0.11217187500000002 0.31545918367346937
0 0.8615 0.7499999999999999 0.073125 0.35362244897959183
0 0.9232109375 0.7393622448979591 0.07882812500000001 0.3054081632653061
0 0.9834140625000001 0.7267474489795918 0.033171875 0.2523724489795918
0 0.025437500000000002 0.7225892857142856 0.050875000000000004 0.2484438775510204
2 0.753015625 0.6247066326530613 0.13115625 0.19528061224489793
2 0.665140625 0.5494770408163265 0.03828125 0.020841836734693874
2 0.6919765625 0.5608163265306122 0.024109375000000002 0.043724489795918364
2 0.904296875 0.6207908163265305 0.14140625 0.16775510204081634
2 0.839640625 0.6247066326530611 0.031531250000000004 0.15084183673469387
