0 0.7776796875 0.5227395833333333 0.263421875 0.7203541666666666
0 0.57725 0.592875 0.19718750000000002 0.701125
0 0.4449453125 0.5876458333333333 0.259546875 0.8022499999999999
0 0.016890625000000003 0.6931354166666667 0.033781250000000006 0.6137291666666667
0 0.115390625 0.7478333333333332 0.08737500000000001 0.25595833333333334
0 0.23009374999999999 0.609125 0.27753125 0.7587916666666668
0 0.038765625 0.6606770833333333 0.07753125 0.6786458333333333
0 0.400890625 0.7196145833333333 0.09418750000000001 0.15743749999999998
0 0.0956640625 0.8198958333333334 0.08895312500000001 0.15962500000000002
0 0.3216328125 0.6581666666666667 0.073296875 0.15291666666666667
