2 0.74204 0.6658258258258258 0.11056 0.02948948948948949
2 0.90856 0.6778828828828829 0.14044 0.05114114114114114
2 0.79794 0.6766066066066067 0.07556 0.03141141141141141
2 0.83865 0.6377777777777779 0.033740000000000006 0.024504504504504504
0 0.40244 0.3733183183183183 0.21652000000000002 0.4282582582582583
2 0.67349 0.657957957957958 0.11254000000000002 0.03207207207207207
2 0.63706 0.6217417417417417 0.0318 0.018258258258258258
2 0.77247 0.6489639639639639 0.07794 0.024474474474474477
2 0.6819299999999999 0.6328078078078078 0.024260000000000004 0.013303303303303302
2 0.64563 0.6313963963963963 0.054340000000000006 0.024954954954954957
2 0.8748400000000001 0.6485585585585586 0.040240000000000005 0.025285285285285286
