0 0.2322890625 0.6260104166666667 0.019546875000000002 0.07727083333333334
0 0.252765625 0.620625 0.02384375 0.07841666666666666
0 0.16208593750000003 0.6262500000000001 0.022828125 0.083
0 0.1445625 0.6290729166666666 0.018843750000000003 0.07868750000000001
0 0.119453125 0.6291458333333333 0.015593750000000002 0.068875
0 0.0982734375 0.6295520833333333 0.016234375000000002 0.0799375
0 0.0713046875 0.627375 0.021078125000000003 0.09195833333333334
0 0.025578125000000004 0.6332395833333334 0.02065625 0.0811875
0 0.7811250000000001 0.6084062499999999 0.01228125 0.0560625
0 0.007601562500000001 0.6335833333333334 0.015203125000000001 0.08395833333333333
0 0.8000703124999999 0.6090104166666667 0.014953125000000001 0.058104166666666665
0 0.197 0.6243125 0.02334375 0.08504166666666667
0 0.2138203125 0.6311666666666667 0.015015625 0.059666666666666666
6 0.779671875 0.7149791666666666 0.43962500000000004 0.24033333333333332
0 0.23750000000000002 0.578125 0.018750000000000003 0.022916666666666665
