0 0.5384765625 0.52471875 0.16348437500000002 0.27189583333333334
0 0.518015625 0.2855520833333333 0.20984375000000002 0.37822916666666667
0 0.13789062500000002 0.2892395833333333 0.27578125000000003 0.5784791666666667
0 0.39128906250000006 0.41583333333333333 0.123046875 0.37287499999999996
0 0.316515625 0.4963229166666666 0.13396875 0.2691458333333333
0 0.30084375 0.5573020833333333 0.257875 0.3370625
0 0.3859921875000001 0.2648229166666667 0.113140625 0.21310416666666668
0 0.835390625 0.4943854166666667 0.32921875 0.9887708333333334
0 0.0997265625 0.5879166666666668 0.199453125 0.44554166666666667
0 0.1553515625 0.5721770833333333 0.083296875 0.17602083333333332
0 0.23182031250000001 0.180125 0.12992187500000002 0.3595416666666667
0 0.9519609375 0.45215625 0.09607812500000001 0.20831249999999998
