0 0.3195703125 0.5331678486997636 0.033109375 0.0508274231678487
0 0.1736484375 0.5297990543735225 0.015046875000000001 0.041631205673758866
0 0.504859375 0.5743262411347517 0.028812500000000005 0.02411347517730496
0 0.5072734375000001 0.5331678486997636 0.018671875 0.016217494089834517
0 0.48570312499999996 0.5239007092198581 0.00809375 0.015555555555555555
0 0.5803437499999999 0.5270921985815603 0.01371875 0.01739952718676123
0 0.2645625 0.5292789598108747 0.0091875 0.019645390070921986
0 0.9757578124999999 0.5695981087470449 0.023203125 0.022458628841607563
0 0.18812500000000001 0.5276359338061466 0.01053125 0.023073286052009454
0 0.6308281250000001 0.5337470449172577 0.01034375 0.023475177304964536
0 0.1098203125 0.532836879432624 0.012765625000000001 0.016264775413711585
0 0.9854296875000002 0.6107565011820332 0.029140625 0.04685579196217494
0 0.321515625 0.5164184397163121 0.0074062500000000005 0.028439716312056735
