0 0.8664765624999999 0.769225 0.018109375 0.08070000000000001
0 0.7928906250000001 0.6889125 0.018593750000000003 0.059524999999999995
0 0.6943125000000001 0.5701875 0.0134375 0.055925
0 0.5821796875 0.5880375 0.014171875 0.049075
0 0.8151875000000001 0.7748125 0.028031250000000004 0.051875000000000004
0 0.64934375 0.5825374999999999 0.014531250000000002 0.052375
0 0.6799765625 0.568975 0.020609375 0.04595
0 0.37846875 0.5056375 0.0136875 0.054325000000000005
0 0.4796796875 0.5077375 0.010796875000000001 0.023225
0 0.2813515625 0.505425 0.030640625 0.053250000000000006
0 0.5933515625 0.553475 0.011359375 0.02265
0 0.30162500000000003 0.5114625 0.013281250000000001 0.018525
