2 0.9550390625 0.6352693208430913 0.089921875 0.4449648711943794
2 0.7324375000000001 0.30322014051522245 0.06028125 0.08002341920374707
2 0.8958124999999999 0.30392271662763465 0.20837500000000003 0.11112412177985949
6 0.5041328125 0.44955503512880557 0.738984375 0.6928337236533957
0 0.24422656250000002 0.2457845433255269 0.06851562500000001 0.14163934426229507
0 0.313890625 0.24186182669789227 0.0546875 0.08259953161592506
0 0.8143046875 0.2856206088992974 0.037203125 0.10955503512880563
0 0.7775000000000001 0.2670140515222482 0.0489375 0.15140515222482437
0 0.9250390625 0.2807728337236534 0.034421875000000005 0.09695550351288056
0 0.12399218750000002 0.24820843091334893 0.019078125 0.029203747072599533
6 0.12817187500000002 0.43236533957845436 0.25634375000000004 0.446463700234192
6 0.9475390625000002 0.6382084309133489 0.10492187500000001 0.4314519906323185
0 0.9525625 0.287576112412178 0.030968750000000003 0.08259953161592506
0 0.5608203125000001 0.23962529274004682 0.066421875 0.08491803278688524
0 0.8202578125 0.28569086651053865 0.039171875 0.10964871194379391
0 0.042820312500000006 0.29112412177985947 0.053953125000000005 0.09250585480093677
0 0.8778671874999999 0.2887939110070258 0.053984375 0.08629976580796253
0 0.4541875 0.23242388758782204 0.028625 0.07407494145199063
0 0.7186171875 0.2526112412177986 0.014015625000000002 0.027985948477751755
