0 0.08507031250000001 0.5092785571142284 0.153421875 0.5761523046092184
0 0.0861875 0.44241482965931855 0.07387500000000001 0.2589779559118236
0 0.18292968750000002 0.4897194388777555 0.092828125 0.34440881763527054
0 0.2793984375 0.4149699398797595 0.097796875 0.23811623246492983
0 0.24939062500000003 0.35420841683366733 0.029875000000000002 0.1072945891783567
0 0.3753671875 0.38714428857715427 0.086453125 0.2160120240480962
0 0.4613515625 0.37351703406813624 0.097109375 0.2394188376753507
0 0.5723515625000001 0.4937575150300601 0.14860937500000002 0.3038276553106212
0 0.5268984375 0.33656312625250495 0.05317187500000001 0.09933867735470941
0 0.5836640625 0.3212925851703407 0.06760937500000001 0.07601202404809619
0 0.6663984375 0.30892785571142284 0.057234375000000004 0.08991983967935871
0 0.7967734375000001 0.3216432865731463 0.038890625000000005 0.0919438877755511
0 0.7150859375 0.3508817635270541 0.049921875000000004 0.20184368737474948
0 0.6390625000000001 0.4569138276553106 0.71875 0.5090180360721442
