0 0.3652968750000001 0.35276041666666663 0.22575 0.4841458333333333
0 0.6785859375000001 0.6648645833333333 0.035359375 0.0876875
0 0.7382734375000001 0.6292083333333333 0.040921875 0.17866666666666667
0 0.13978125 0.6427083333333333 0.026187500000000002 0.2265
2 0.50628125 0.5861979166666667 0.03709375 0.033062499999999995
2 0.9097187499999999 0.5241875 0.02909375 0.02733333333333333
2 0.6043437500000001 0.5662604166666667 0.034125 0.04264583333333333
2 0.9119296875 0.5095625 0.033453125 0.023166666666666665
0 0.021593750000000002 0.731875 0.04296875 0.33695833333333336
2 0.556640625 0.5844270833333333 0.031125000000000003 0.026604166666666665
2 0.9386875 0.5088541666666666 0.0155 0.021166666666666667
