0 0.5625625 0.5867578124999999 0.4493125 0.7991015625
0 0.2516875 0.583154296875 0.4961875 0.79775390625
0 0.7440156250000001 0.39521484375000004 0.18781250000000002 0.3641796875
0 0.5739140625 0.138779296875 0.15435937500000002 0.23955078125
0 0.7769140625000001 0.18029296875 0.147859375 0.242578125
0 0.6296328125000001 0.377998046875 0.100734375 0.22189453125
0 0.37584375000000003 0.054921875 0.08590625 0.10984375
0 0.8817734374999999 0.36322265624999994 0.07242187500000001 0.209296875
0 0.892796875 0.21170898437500002 0.10990625000000001 0.24099609375
0 0.0394609375 0.392373046875 0.078921875 0.52916015625
0 0.13782031250000001 0.340107421875 0.11998437500000002 0.41486328125
0 0.0707109375 0.314423828125 0.079171875 0.13619140625
