2 0.540484375 0.7979895833333333 0.057375 0.04152083333333333
2 0.5353359375000001 0.7724479166666666 0.023890625 0.0118125
2 0.6094140625 0.7757916666666667 0.018765625 0.016958333333333336
4 0.2325859375 0.7573020833333333 0.465171875 0.4134791666666667
0 0.628 0.8875833333333333 0.06840625 0.22483333333333333
0 0.577765625 0.8827187500000001 0.047125 0.2345625
0 0.49861718750000006 0.8863541666666667 0.06601562500000001 0.22399999999999998
0 0.6648515625000001 0.7920833333333333 0.014359375 0.058875000000000004
0 0.4821015625 0.7760520833333333 0.005296875 0.02802083333333333
0 0.2809375 0.7773020833333334 0.016125 0.019770833333333335
0 0.48907812500000003 0.7736458333333334 0.00721875 0.02420833333333333
2 0.5118750000000001 0.7694270833333333 0.015187500000000001 0.014395833333333333
2 0.5954921875 0.7806354166666667 0.016484375000000002 0.025145833333333333
4 0.5477421875 0.7585104166666667 0.035796875 0.03952083333333333
