0 0.4719166666666666 0.4696640625000001 0.6621666666666666 0.7325781250000001
0 0.86915625 0.353890625 0.17522916666666666 0.29384375
0 0.12716666666666665 0.393078125 0.23841666666666667 0.19153125000000001
0 0.7303958333333334 0.30975 0.14733333333333332 0.18740625
0 0.18746875 0.35865625 0.11127083333333332 0.14540625000000001
0 0.8026562500000001 0.4423203125000001 0.12102083333333334 0.092890625
2 0.6408854166666667 0.3507421875000001 0.06822916666666666 0.10357812500000002
2 0.9800416666666667 0.32917968750000004 0.0385 0.077015625
2 0.9485625 0.3343046875 0.06466666666666666 0.071609375
2 0.9835208333333334 0.406171875 0.03295833333333333 0.13893750000000002
