0 0.32437499999999997 0.206109375 0.18304166666666666 0.11921875
0 0.5198854166666667 0.22014843750000002 0.06627083333333333 0.031515625000000005
0 0.5813125 0.21282031250000003 0.06612499999999999 0.053140625
0 0.07265625 0.21635937500000002 0.035770833333333335 0.038375
0 0.41320833333333334 0.20578125 0.025208333333333333 0.02815625
0 0.4790729166666666 0.22557031250000004 0.0445625 0.023015625
0 0.12470833333333332 0.2157265625 0.039749999999999994 0.067078125
0 0.40411458333333333 0.24677343750000003 0.040854166666666664 0.030234375000000004
0 0.21466666666666664 0.2383984375 0.12241666666666666 0.049359375000000004
0 0.179 0.21136718750000003 0.018333333333333333 0.020890625
0 0.6034895833333334 0.41874218750000003 0.41052083333333333 0.6402031250000001
0 0.5681562499999999 0.2118203125 0.017979166666666668 0.017296875
