0 0.5061111111111111 0.71872 0.1417117117117117 0.22472
0 0.059249249249249236 0.6123200000000001 0.017537537537537538 0.0292
0 0.42914414414414415 0.59826 0.02141141141141141 0.04236
0 0.4485885885885886 0.58404 0.015075075075075073 0.020079999999999997
0 0.3584084084084084 0.5788000000000001 0.008468468468468469 0.013640000000000001
0 0.18978978978978978 0.58064 0.014834834834834837 0.019559999999999998
0 0.07111111111111111 0.5901799999999999 0.011471471471471472 0.01784
0 0.8506156156156156 0.5700600000000001 0.011621621621621623 0.01548
0 0.04732732732732733 0.59281 0.013333333333333334 0.02086
0 0.25243243243243246 0.5782200000000001 0.007987987987987989 0.0114
0 0.4754054054054053 0.58585 0.01003003003003003 0.01706
0 0.7968918918918919 0.5673599999999999 0.005855855855855856 0.01136
0 0.3438288288288288 0.5804600000000001 0.013303303303303302 0.01476
0 0.45045045045045046 0.5760000000000001 0.8648648648648649 0.04
