4 0.4932734375000001 0.47378220140515226 0.512765625 0.7685480093676815
4 0.165265625 0.19811475409836066 0.14178125 0.06461358313817331
0 0.787140625 0.38443793911007024 0.03365625 0.09716627634660421
0 0.8683671875000001 0.3165105386416862 0.011890625000000002 0.05470725995316159
0 0.942640625 0.3404332552693209 0.01803125 0.06681498829039813
0 0.8497343749999999 0.3370608899297424 0.0200625 0.07032786885245902
2 0.8719140625 0.564192037470726 0.256171875 0.3153161592505854
6 0.491609375 0.4898477751756441 0.5146875 0.8159484777517565
6 0.11742968749999999 0.49539812646370024 0.23185937499999998 0.6636768149882903
0 0.930546875 0.28217798594847776 0.009437500000000001 0.03405152224824356
0 0.9581249999999999 0.3249882903981265 0.0204375 0.052271662763466044
0 0.805859375 0.30039812646370023 0.01203125 0.022997658079625293
6 0.9007421875000001 0.24988290398126461 0.039109375 0.031288056206088995
6 0.9411718750000001 0.2531850117096019 0.04403125 0.033536299765807964
6 0.8691484375 0.5665339578454333 0.26170312500000004 0.3239344262295082
0 0.9267890625 0.2809718969555035 0.006015625 0.029718969555035127
