2 0.5419270833333333 0.7309296875000001 0.0650625 0.025890625
0 0.34534374999999995 0.8645546875000001 0.0469375 0.103765625
0 0.578875 0.8279921875 0.040125 0.099609375
0 0.5107916666666666 0.7690625 0.0135 0.045500000000000006
0 0.7115208333333334 0.7538984375000001 0.02175 0.053359375
0 0.49213541666666666 0.73540625 0.0168125 0.035437500000000004
0 0.6608958333333333 0.7576875000000001 0.022791666666666665 0.049406250000000006
0 0.6946145833333334 0.7619375 0.016354166666666666 0.048093750000000005
0 0.5433854166666666 0.7732578125 0.02422916666666667 0.037484375
0 0.39682291666666664 0.7558046875 0.0260625 0.049828125
0 0.4513125 0.7467343750000001 0.01775 0.04353125
4 0.37053125000000003 0.7330156250000001 0.08539583333333334 0.038625
0 0.5206145833333333 0.7672500000000001 0.0204375 0.04665625
0 0.8671041666666667 0.8108984375000001 0.26579166666666665 0.345453125
0 0.421875 0.77109375 0.81875 0.1453125
