2 0.35168750000000004 0.4753971962616822 0.031718750000000004 0.011915887850467289
2 0.5575781249999999 0.4739252336448598 0.013156250000000001 0.013037383177570092
2 0.5098281250000001 0.4732242990654205 0.02790625 0.014205607476635513
2 0.7530156250000001 0.4742172897196261 0.04959375 0.04623831775700934
2 0.6477109375000001 0.4724532710280373 0.027921875000000002 0.02560747663551402
2 0.6113437500000001 0.46945093457943926 0.05184375 0.03455607476635514
2 0.395125 0.47553738317757005 0.01565625 0.009906542056074765
2 0.78115625 0.47231308411214945 0.013000000000000001 0.017289719626168223
2 0.7904062500000001 0.4724999999999999 0.01359375 0.016355140186915886
2 0.8050625 0.47369158878504664 0.0119375 0.01714953271028037
2 0.8300937500000001 0.4731892523364486 0.01675 0.0222196261682243
6 0.0703203125 0.46124999999999994 0.138359375 0.10063084112149533
6 0.697140625 0.46880841121495326 0.04071875 0.033271028037383174
2 0.85703125 0.47546728971962615 0.026562500000000003 0.016355140186915886
