0 0.27562000000000003 0.7631231231231231 0.021920000000000002 0.08132132132132132
0 0.15733000000000003 0.7733783783783784 0.033299999999999996 0.14195195195195195
0 0.06715 0.7653753753753754 0.032780000000000004 0.09039039039039039
0 0.08785 0.7232732732732733 0.026940000000000002 0.08762762762762763
0 0.25671 0.7631831831831832 0.015460000000000002 0.06636636636636636
0 0.13546 0.724009009009009 0.01348 0.05570570570570571
0 0.95879 0.9648648648648649 0.0037400000000000003 0.016876876876876876
0 0.98392 0.9754804804804804 0.00432 0.01816816816816817
0 0.94692 0.9574774774774774 0.00376 0.019219219219219222
0 0.05938 0.7197597597597598 0.0134 0.03051051051051051
0 0.23107999999999998 0.7508858858858859 0.02076 0.07294294294294294
