0 0.40016406250000003 0.49574941451990634 0.16007812500000002 0.6479859484777517
0 0.754890625 0.3816978922716628 0.16212500000000002 0.20166276346604214
0 0.7768046875 0.21491803278688523 0.049109375000000004 0.13569086651053863
0 0.0596953125 0.2644262295081967 0.115578125 0.1535831381733021
0 0.689078125 0.2983255269320843 0.04196875 0.1494847775175644
0 0.14247656250000001 0.34700234192037477 0.095015625 0.32070257611241215
0 0.277375 0.3484660421545668 0.06596875 0.34606557377049185
0 0.5619453125 0.27124121779859484 0.042390625 0.17756440281030444
0 0.55796875 0.221288056206089 0.0365 0.10379391100702576
2 0.9228437500000001 0.24627634660421543 0.0404375 0.05334894613583138
2 0.8781093750000001 0.2554449648711944 0.050625 0.08789227166276346
0 0.3629609375 0.2547775175644028 0.06917187500000001 0.16042154566744732
0 0.5290312500000001 0.4449765807962529 0.14015625 0.5111709601873536
2 0.8965546875 0.23053864168618265 0.025015625000000003 0.023185011709601876
