2 0.64596875 0.47204166666666664 0.3403125 0.273125
2 0.679375 0.325 0.1278125 0.040374999999999994
2 0.7725078125 0.34961458333333334 0.071140625 0.03677083333333333
2 0.5000468750000001 0.34228125 0.1398125 0.07747916666666665
3 0.139046875 0.5865104166666666 0.27471875 0.34606250000000005
4 0.20140625 0.2674166666666667 0.4028125 0.5348333333333334
0 0.40786718750000006 0.6471874999999999 0.165171875 0.6921250000000001
0 0.8720000000000001 0.46009375 0.1234375 0.36243749999999997
0 0.5743984375000001 0.32448958333333333 0.015671875 0.049770833333333334
0 0.5602578125000001 0.32255208333333335 0.015359375000000001 0.036270833333333335
0 0.546234375 0.3196979166666667 0.014000000000000002 0.029395833333333333
0 0.5190859375 0.30559375 0.016203125 0.020770833333333336
0 0.0470078125 0.5590729166666667 0.094015625 0.2582291666666667
0 0.48425781250000005 0.36046875 0.037359375 0.1424375
1 0.663234375 0.9348333333333334 0.182875 0.13033333333333333
0 0.44375000000000003 0.2989583333333333 0.01253125 0.010375
0 0.0909765625 0.5147395833333333 0.181015625 0.5025208333333333
1 0.5088046875 0.8692083333333334 0.134953125 0.26158333333333333
1 0.2031875 0.9044375 0.28053125 0.191125
1 0.21039062500000003 0.8519479166666667 0.15975 0.08310416666666667
