1 0.22092968749999997 0.8645081967213115 0.139171875 0.270983606557377
0 0.1251875 0.6943793911007026 0.07346875000000001 0.22473067915690864
0 0.1060078125 0.5647775175644029 0.039234375 0.11761124121779859
0 0.076671875 0.529215456674473 0.028562500000000005 0.10639344262295082
0 0.039156250000000004 0.5383021077283373 0.02284375 0.08030444964871195
0 0.0586796875 0.6700234192037471 0.09348437500000001 0.3008430913348946
0 0.1190234375 0.5258899297423888 0.011171875000000001 0.03655737704918033
0 0.12980468750000002 0.5288290398126464 0.010890625000000001 0.047822014051522255
0 0.1555078125 0.527447306791569 0.013859375 0.04243559718969555
0 0.224859375 0.6691334894613584 0.13343750000000001 0.2962997658079625
0 0.01503125 0.5765222482435598 0.0300625 0.18156908665105387
0 0.79509375 0.8362646370023419 0.10715625000000001 0.31088992974238877
