4 0.4601796875 0.5168531468531469 0.6100468750000001 0.764055944055944
4 0.11448437500000003 0.5612354312354313 0.11146875 0.08764568764568764
0 0.0763046875 0.6526806526806527 0.032265625 0.12125874125874127
0 0.12227343750000003 0.5919230769230769 0.008046875 0.018811188811188814
0 0.0146640625 0.6282051282051282 0.022953125 0.09641025641025641
0 0.8040234375000002 0.7332634032634032 0.041734375000000004 0.1975757575757576
0 0.028171875000000002 0.6173543123543124 0.01596875 0.07358974358974359
0 0.15199218750000001 0.6625407925407926 0.022953125 0.1380885780885781
0 0.53328125 0.5885198135198135 0.07671875 0.13261072261072263
0 0.1392734375 0.6458275058275058 0.014703125000000001 0.11361305361305361
0 0.11534375000000002 0.645 0.02396875 0.11792540792540793
0 0.8901875000000001 0.6903846153846153 0.02096875 0.06044289044289044
0 0.780125 0.7577505827505828 0.036187500000000004 0.23909090909090908
0 0.09689062500000001 0.6527738927738926 0.01903125 0.11081585081585081
0 0.9017734375 0.7793356643356644 0.051609375000000006 0.2585780885780886
0 0.10625000000000001 0.6398601398601399 0.13125 0.14219114219114218
