0 0.23592187500000003 0.44806791569086646 0.07646875 0.5330444964871195
0 0.41783593750000003 0.47154566744730686 0.114796875 0.5316627634660421
0 0.5557265625000001 0.43587822014051525 0.116171875 0.44707259953161593
0 0.6154296875 0.31111241217798596 0.089515625 0.2799297423887588
0 0.668015625 0.2248126463700234 0.045187500000000005 0.1270023419203747
0 0.4618359375 0.654016393442623 0.169640625 0.3897658079625293
0 0.624453125 0.5853864168618267 0.1214375 0.3797658079625293
0 0.168140625 0.48923887587822007 0.1269375 0.6058782201405152
0 0.3060390625 0.4570140515222482 0.11970312500000001 0.587096018735363
0 0.364859375 0.43816159250585485 0.06328125 0.5534660421545667
0 0.48517187500000003 0.3312295081967213 0.0859375 0.30971896955503514
0 0.6911171875000001 0.45875878220140515 0.089140625 0.5637470725995316
0 0.7810312500000001 0.459519906323185 0.15509375000000003 0.6450819672131147
