0 0.11932000000000001 0.7765765765765766 0.17624 0.4145345345345345
0 0.88613 0.5719069069069069 0.22774000000000003 0.8561861861861862
0 0.7900600000000001 0.7413663663663663 0.18696000000000002 0.5172672672672672
0 0.6989299999999999 0.7438288288288288 0.11073999999999999 0.48987987987987985
0 0.30239 0.7503753753753754 0.10602 0.3632132132132132
0 0.42666 0.7521921921921922 0.058280000000000005 0.38054054054054054
0 0.54328 0.7314564564564564 0.20952 0.5056156156156156
0 0.01796 0.7280930930930931 0.03592 0.2786486486486487
0 0.26209000000000005 0.6641441441441441 0.0175 0.06582582582582583
0 0.38996 0.6457357357357357 0.018760000000000002 0.06888888888888889
0 0.21959 0.7497297297297297 0.026180000000000002 0.07861861861861862
0 0.5345599999999999 0.5141891891891892 0.036520000000000004 0.05228228228228228
0 0.16513 0.6502552552552553 0.03146 0.12057057057057056
0 0.223 0.6621621621621622 0.322 0.2012012012012012
