0 0.1262890625 0.559424882629108 0.031421875 0.055892018779342724
0 0.09138281250000001 0.5626056338028169 0.021921875 0.06169014084507043
0 0.18578125 0.5557981220657277 0.018968750000000003 0.07779342723004695
0 0.16811718750000001 0.6159154929577465 0.030671875 0.11004694835680752
0 0.1451640625 0.5888028169014085 0.015015625 0.10150234741784038
0 0.028125 0.5977816901408451 0.028499999999999998 0.13988262910798124
0 0.4564921875000001 0.6128755868544601 0.047609375 0.13326291079812208
0 0.152125 0.5536032863849766 0.010062500000000002 0.026971830985915494
0 0.076171875 0.6026877934272301 0.025500000000000002 0.13157276995305164
0 0.0877734375 0.6171948356807512 0.013609375000000002 0.06842723004694835
0 0.05562500000000001 0.5727934272300469 0.019000000000000003 0.0876056338028169
0 0.10807812500000001 0.5587558685446009 0.020000000000000004 0.053896713615023475
