0 0.37124218750000004 0.5919895833333333 0.101859375 0.3950208333333334
0 0.7986640625000001 0.23908333333333334 0.032546874999999996 0.06254166666666666
0 0.9411718750000001 0.2148958333333333 0.0378125 0.05633333333333333
0 0.6051640625000001 0.27909375000000003 0.025171875 0.058104166666666665
0 0.216125 0.2583958333333333 0.07521875 0.08424999999999999
0 0.07671875 0.24690624999999997 0.05225 0.08089583333333333
0 0.040695312500000004 0.24885416666666668 0.038109375 0.0845
0 0.611515625 0.11945833333333333 0.06425 0.07495833333333332
0 0.7067187500000001 0.2563958333333333 0.040656250000000005 0.05808333333333333
0 0.8706015625000001 0.2326875 0.033953125 0.049708333333333334
0 0.9258125 0.11852083333333334 0.0405625 0.074875
0 0.16217187500000002 0.30750000000000005 0.0331875 0.049291666666666664
0 0.49921875000000004 0.171875 0.9984375000000001 0.34375
