0 0.35246875 0.7197189695550351 0.20346875 0.4389695550351288
0 0.6934609375 0.3762412177985949 0.16914062500000002 0.42995316159250585
0 0.8190859375000001 0.248864168618267 0.107796875 0.2838173302107728
0 0.9288046875 0.22679156908665107 0.07242187500000001 0.3143793911007026
0 0.8628437499999999 0.05037470725995317 0.08846875 0.10074941451990634
0 0.787921875 0.0507728337236534 0.07334375 0.1015456674473068
0 0.181828125 0.040538641686182667 0.08415625 0.07882903981264636
0 0.055468750000000004 0.03820843091334895 0.06596875 0.07192037470725995
0 0.34040625 0.04477751756440281 0.085875 0.08730679156908665
0 0.48181250000000003 0.04496487119437939 0.0546875 0.08992974238875878
0 0.1131875 0.03976580796252927 0.05084375 0.0672599531615925
0 0.41276562499999997 0.04265807962529274 0.06709375 0.08508196721311476
0 0.012476562500000002 0.03720140515222482 0.024953125000000003 0.06887587822014052
