2 0.2004140625 0.425304449648712 0.233359375 0.15454332552693206
2 0.38445312500000006 0.439367681498829 0.12106250000000002 0.08360655737704918
2 0.8765859375 0.5012177985948478 0.135546875 0.08388758782201405
2 0.9693359375 0.5193208430913349 0.061328125000000004 0.07531615925058548
2 0.0439296875 0.4154918032786885 0.083546875 0.16334894613583137
2 0.9759921875 0.6313466042154566 0.048015625000000006 0.07543325526932085
2 0.8123671875 0.47637002341920376 0.068609375 0.07372365339578454
2 0.03619531250000001 0.6085011709601873 0.069234375 0.15330210772833722
6 0.042320312500000005 0.40878220140515226 0.08464062500000001 0.1775175644028103
6 0.9681640625000001 0.5196487119437939 0.063671875 0.08693208430913349
