3 0.3733333333333334 0.7387290502793297 0.6008805031446541 0.5225418994413408
3 0.5808490566037736 0.6347067039106146 0.17431865828092244 0.35276536312849166
3 0.6929245283018868 0.5936312849162012 0.11771488469601678 0.1588268156424581
3 0.7707651991614256 0.74231843575419 0.13155136268343817 0.38877094972067044
3 0.8624318658280923 0.7813826815642458 0.27429769392033543 0.41030726256983235
0 0.3013102725366877 0.6130865921787709 0.37490566037735856 0.773826815642458
3 0.12038784067085954 0.36069832402234636 0.038134171907756816 0.0376536312849162
0 0.8493710691823899 0.5742178770949721 0.3012578616352201 0.6729608938547486
0 0.5393920335429769 0.5212988826815642 0.16339622641509435 0.49282122905027936
0 0.6640461215932915 0.38988826815642463 0.12440251572327045 0.2685474860335196
3 0.5017400419287211 0.34 0.04146750524109015 0.03446927374301676
2 0.26479035639413 0.33789106145251396 0.04329140461215933 0.05298882681564246
2 0.49138364779874216 0.3106145251396648 0.05220125786163522 0.03653631284916201
2 0.6332704402515723 0.3221787709497207 0.0780293501048218 0.05815642458100559
3 0.21022012578616356 0.35438547486033517 0.0510062893081761 0.03564245810055866
0 0.049748427672955974 0.3406284916201117 0.009475890985324947 0.022709497206703913
0 0.07461215932914046 0.3502793296089386 0.026247379454926625 0.04988826815642458
0 0.12237945492662475 0.34614525139664803 0.01729559748427673 0.05033519553072626
0 0.1089412997903564 0.3432821229050279 0.011970649895178197 0.03930167597765363
0 0.1899056603773585 0.3343994413407821 0.010209643605870022 0.029972067039106147
