0 0.1942890625 0.5633608490566038 0.22182812500000001 0.8449292452830188
0 0.341671875 0.34606132075471696 0.19503125 0.43146226415094335
0 0.4630078125 0.28501179245283015 0.125046875 0.29662735849056604
0 0.2128984375 0.07753537735849056 0.08039062500000001 0.14158018867924527
0 0.5579296875 0.16161556603773586 0.057296875000000004 0.14035377358490564
0 0.7367734375 0.27721698113207544 0.15204687500000003 0.3431132075471698
0 0.9377500000000002 0.23501179245283016 0.10496875000000001 0.21422169811320754
0 0.8446250000000002 0.34126179245283017 0.07253125 0.13393867924528302
0 0.04242968750000001 0.5404481132075472 0.08485937500000001 0.17301886792452828
0 0.659578125 0.15481132075471699 0.04284375000000001 0.07047169811320754
0 0.401578125 0.12548349056603772 0.051125000000000004 0.0983254716981132
0 0.846578125 0.22554245283018867 0.10175000000000001 0.17599056603773586
0 0.3737578125 0.04373820754716981 0.040546875 0.08714622641509434
0 0.49921875000000004 0.25471698113207547 0.9984375000000001 0.5094339622641509
