6 0.4796953125 0.6167110266159695 0.911328125 0.7081368821292776
0 0.5602812500000001 0.36171102661596954 0.279625 0.2840304182509506
0 0.20725781249999997 0.22394486692015206 0.068359375 0.27378326996197716
0 0.3375 0.14295627376425854 0.06525 0.18393536121673004
0 0.45778125000000003 0.18775665399239544 0.0583125 0.22102661596958176
0 0.7084765625 0.09532319391634982 0.073265625 0.07281368821292775
0 0.7724531250000001 0.1956273764258555 0.1464375 0.2093536121673004
6 0.71159375 0.2807509505703422 0.5386562500000001 0.42051330798479086
0 0.27703906250000004 0.17078897338403043 0.066484375 0.17077946768060837
0 0.9318203125000001 0.12241444866920152 0.037578125000000004 0.07482889733840305
0 0.7578359375 0.09506653992395436 0.04120312500000001 0.07747148288973384
0 0.5123828125 0.14106463878326997 0.044421875 0.13699619771863117
0 0.06566406250000001 0.2415209125475285 0.07514062500000002 0.24231939163498098
0 0.6153515625000001 0.13211977186311788 0.16867187500000003 0.23199619771863117
0 0.3880703125 0.2051235741444867 0.06901562500000001 0.2793346007604563
0 0.225 0.22053231939163498 0.259375 0.2737642585551331
