0 0.37669333333333327 0.58228 0.3142933333333333 0.66124
0 0.7713599999999999 0.26172 0.13376 0.12676
0 0.6382533333333333 0.26682 0.11272 0.13616
0 0.8451466666666666 0.16926 0.14736 0.15356
0 0.05454666666666666 0.28887 0.09650666666666666 0.07726000000000001
0 0.04724 0.24753 0.09448 0.11586
0 0.78484 0.30046 0.11197333333333334 0.07492
0 0.8898800000000001 0.26405 0.12583999999999998 0.15506
0 0.014866666666666667 0.18734 0.029733333333333334 0.058960000000000005
0 0.6749333333333334 0.30603 0.10927999999999999 0.06258
0 0.14918666666666666 0.26136000000000004 0.12893333333333334 0.13304
0 0.95996 0.23269 0.08008 0.19397999999999999
0 0.64108 0.21155000000000002 0.12685333333333332 0.1295
0 0.49866666666666665 0.48 0.9973333333333333 0.9560000000000001
