0 0.1643203125 0.5814270833333333 0.21067187500000004 0.8371458333333333
0 0.8755 0.28252083333333333 0.05550000000000001 0.16366666666666668
0 0.6964453125000001 0.22369791666666666 0.038421875 0.04627083333333334
0 0.660953125 0.20726041666666667 0.019500000000000003 0.03210416666666667
0 0.912109375 0.274625 0.0336875 0.10433333333333333
0 0.2929375 0.6668437500000001 0.14059375000000002 0.3689791666666667
0 0.34675781250000004 0.25536458333333334 0.019046875 0.04772916666666667
0 0.3803359375 0.24476041666666667 0.017890625 0.028729166666666663
2 0.20346875 0.28560416666666666 0.05990625000000001 0.06733333333333333
2 0.3223828125 0.2410625 0.06360937500000001 0.03345833333333333
0 0.2951640625 0.24445833333333333 0.006109375 0.008833333333333334
0 0.26953125 0.3513854166666667 0.07215625 0.2379375
0 0.0424140625 0.42714583333333334 0.082671875 0.359875
