0 0.50309375 0.6996838407494145 0.76684375 0.600632318501171
0 0.1814140625 0.7584309133489461 0.07795312500000001 0.10112412177985948
0 0.019140625 0.8294496487119438 0.03828125 0.23894613583138175
0 0.5824296875 0.7955854800936768 0.024171875000000002 0.03814988290398126
0 0.5537265625000001 0.8021545667447306 0.036234375000000006 0.05128805620608899
0 0.6858984375 0.796440281030445 0.038765625 0.08107728337236533
0 0.8821718749999999 0.8739344262295081 0.0759375 0.24337236533957846
0 0.9120781250000001 0.8115222482435598 0.021593750000000002 0.06341920374707259
0 0.9549531250000002 0.8710655737704918 0.09009375 0.2578688524590164
0 0.669296875 0.7975644028103045 0.021750000000000002 0.041217798594847775
0 0.06446875 0.8651639344262295 0.09296875 0.269672131147541
0 0.6503671875000001 0.8025995316159251 0.024796875 0.04201405152224825
0 0.7146875000000001 0.8199063231850118 0.029843750000000002 0.04707259953161593
0 0.75390625 0.6007025761124122 0.4890625 0.47540983606557374
