0 0.6357109375 0.4483215962441315 0.191453125 0.3573004694835681
0 0.8458671875000001 0.6910211267605634 0.043390625 0.07415492957746479
0 0.9219765625000002 0.8130633802816902 0.15604687500000003 0.37387323943661976
0 0.7889609375000001 0.8237323943661972 0.096921875 0.3525352112676057
0 0.6984218750000001 0.8173943661971831 0.12015625000000002 0.3392018779342723
0 0.5461640625 0.7939671361502348 0.06370312500000001 0.256056338028169
0 0.3530078125 0.8158098591549295 0.09701562500000001 0.36838028169014086
0 0.2544765625 0.8068427230046948 0.13217187500000002 0.38147887323943663
0 0.05178906250000001 0.8166901408450704 0.10339062500000001 0.3666197183098592
0 0.618953125 0.8480516431924883 0.07109375 0.3029107981220657
0 0.517859375 0.8220892018779343 0.11840625 0.3558215962441315
0 0.14361718750000002 0.8139671361502347 0.076890625 0.3720657276995305
0 0.1839609375 0.8289788732394368 0.063515625 0.34204225352112677
0 0.51953125 0.7934272300469484 0.9578125000000001 0.4084507042253521
