2 0.46741666666666665 0.8179765625000001 0.9228333333333333 0.332578125
6 0.5118750000000001 0.7970390625000001 0.844875 0.404328125
0 0.7262291666666666 0.29852343750000004 0.12295833333333334 0.199453125
0 0.77146875 0.148 0.07793749999999999 0.17271875000000003
0 0.8738541666666667 0.1575234375 0.14024999999999999 0.18817187500000002
0 0.64409375 0.160453125 0.09185416666666667 0.18856250000000002
0 0.48888541666666663 0.166296875 0.1006875 0.1835
0 0.6417604166666666 0.38365625000000003 0.40431249999999996 0.37071875
0 0.2986979166666667 0.191078125 0.0600625 0.13665625
0 0.7252708333333333 0.15984375 0.07504166666666667 0.10928125
0 0.35077083333333337 0.19115625000000003 0.08029166666666666 0.141
0 0.09355208333333334 0.183578125 0.09960416666666667 0.1728125
0 0.80421875 0.15559375 0.07147916666666668 0.2029375
0 0.22553125 0.1935625 0.09310416666666665 0.13993750000000002
