2 0.9445156250000001 0.7092840095465394 0.11096875 0.16553699284009546
0 0.4353828125 0.7781742243436754 0.036796875 0.13634844868735085
0 0.45719531250000006 0.819272076372315 0.049921875000000004 0.15286396181384249
0 0.5963125000000001 0.8537470167064439 0.059312500000000004 0.16062052505966587
0 0.6539531250000001 0.9108711217183773 0.0485625 0.15505966587112172
0 0.819203125 0.5628520286396181 0.018312500000000002 0.09305489260143199
0 0.3592734375 0.7583651551312649 0.027765625000000002 0.13062052505966587
0 0.4535546875 0.692601431980907 0.021546875 0.12854415274463007
0 0.6402265625000001 0.7656563245823389 0.029328125 0.046443914081145586
0 0.6822890625000001 0.751252983293556 0.043890625 0.07582338902147971
0 0.7530156250000001 0.5329116945107398 0.02409375 0.09097852028639618
0 0.6913046875000001 0.8821479713603819 0.031328125000000005 0.1447255369928401
0 0.840078125 0.5060023866348449 0.01146875 0.09286396181384247
0 0.46953125 0.698090692124105 0.8453125 0.47016706443914086
