0 0.5769453125 0.44457880434782604 0.187359375 0.5258423913043477
0 0.6112734375000001 0.5285326086956521 0.09764062500000001 0.5960869565217392
0 0.76765625 0.5477038043478261 0.1550625 0.6199184782608695
0 0.8147656250000002 0.42186141304347824 0.046125 0.2625815217391304
0 0.9520078125000002 0.5264130434782609 0.091703125 0.5304347826086956
0 0.69171875 0.39317934782608693 0.0125 0.10309782608695651
0 0.33056250000000004 0.3579755434782609 0.0155 0.09513586956521738
0 0.34508593750000005 0.3628804347826087 0.017140625000000003 0.11543478260869564
0 0.3856953125 0.41573369565217394 0.187359375 0.3280978260869565
0 0.4668828125 0.3761141304347826 0.013859375 0.057119565217391303
2 0.8898203125 0.39749999999999996 0.031171875 0.08679347826086957
0 0.702828125 0.5569429347826086 0.06290625 0.44823369565217386
0 0.8416640625000001 0.4096739130434783 0.018671875 0.09793478260869565
0 0.12321875 0.3675407608695652 0.144875 0.47013586956521736
0 0.5171875 0.47282608695652173 0.9500000000000001 0.45108695652173914
