2 0.647296875 0.7809869848156181 0.09531250000000001 0.1391540130151844
2 0.724234375 0.7656290672451193 0.0761875 0.09338394793926247
0 0.27107031249999997 0.5862039045553146 0.06007812500000001 0.10086767895878525
0 0.33021093749999997 0.5842624728850325 0.074453125 0.11685466377440347
0 0.41338281250000003 0.5852169197396964 0.065546875 0.10067245119305857
0 0.3729453125 0.5487201735357917 0.044171875 0.06581344902386117
0 0.504921875 0.5801518438177874 0.01959375 0.07761388286334057
6 0.41735937500000003 0.6545770065075922 0.38996875000000003 0.5391323210412148
6 0.7248359375 0.7654013015184382 0.08173437500000001 0.09488069414316704
6 0.8046015625000001 0.7021475054229935 0.070328125 0.23453362255965293
