2 0.7132578125000001 0.4772395833333334 0.10145312500000002 0.049979166666666665
2 0.1214609375 0.4800208333333334 0.06320312500000001 0.08145833333333334
2 0.185890625 0.4447395833333333 0.0194375 0.022979166666666665
3 0.1641171875 0.5053541666666667 0.027140625 0.05545833333333333
4 0.392734375 0.44707291666666665 0.34628125000000004 0.40539583333333334
0 0.71521875 0.50909375 0.0370625 0.06885416666666666
2 0.1701796875 0.4346770833333333 0.016484375000000002 0.0153125
3 0.7127421875000001 0.5261770833333334 0.056015625000000006 0.0618125
0 0.1660859375 0.49075 0.035484375000000005 0.08054166666666666
3 0.7599375 0.5246458333333333 0.04509375 0.06225
6 0.9454765625000001 0.49024999999999996 0.10904687500000002 0.097375
0 0.09359375 0.45969791666666665 0.00775 0.03935416666666667
