0 0.5545520833333333 0.52940625 0.27802083333333333 0.37668750000000006
0 0.7640833333333333 0.398296875 0.017833333333333333 0.0365625
0 0.7054791666666668 0.40296875 0.014208333333333333 0.01940625
0 0.6794270833333333 0.39694531250000004 0.013854166666666667 0.039046875
0 0.640875 0.39310156250000006 0.012458333333333333 0.020703125000000003
0 0.13358333333333333 0.3975703125 0.014166666666666666 0.025765625
0 0.11815625 0.39614062499999997 0.026979166666666665 0.0316875
0 0.6510625 0.3958515625000001 0.010791666666666666 0.029734375000000004
0 0.7098541666666667 0.3887109375 0.012666666666666666 0.014265625000000002
0 0.7377395833333333 0.39730468750000003 0.017479166666666667 0.013453125
0 0.23418750000000002 0.392515625 0.0036249999999999998 0.00784375
0 0.032979166666666664 0.39088281250000007 0.005916666666666666 0.012359375
0 0.05595833333333333 0.40891406250000006 0.00975 0.012421875
0 0.02395833333333333 0.3984375 0.014583333333333334 0.03125
