2 0.7773770491803279 0.39919531250000007 0.15878220140515223 0.048890625
4 0.20299765807962528 0.3880546875 0.40318501170960186 0.179984375
0 0.9230093676814989 0.4477578125 0.15398126463700235 0.28401562500000005
0 0.33314988290398123 0.44330468750000007 0.10433255269320843 0.207359375
0 0.4021077283372365 0.4381953125 0.08028103044496487 0.18520312500000002
0 0.20681498829039813 0.43192968750000005 0.07831381733021077 0.17814062500000002
0 0.1610304449648712 0.4519765625 0.0859016393442623 0.17770312500000002
0 0.7843091334894614 0.46604687499999997 0.14370023419203748 0.2656875
0 0.6900819672131147 0.4161640625 0.06156908665105386 0.108578125
0 0.884192037470726 0.4390625 0.07236533957845433 0.2575
0 0.030690866510538643 0.429203125 0.06138173302107729 0.1735625
0 0.5648009367681499 0.5764140624999999 0.34117096018735366 0.677828125
0 0.0759718969555035 0.408703125 0.03381733021077283 0.03865625
1 0.182423887587822 0.4741875 0.17112412177985947 0.062
1 0.29596018735363 0.49108593750000007 0.026252927400468386 0.034796875
3 0.0915456674473068 0.455765625 0.0947072599531616 0.11621875
