0 0.764328125 0.5940104166666667 0.47021875 0.7887708333333333
0 0.32528125 0.5842708333333334 0.5056250000000001 0.8045
0 0.19611718750000004 0.3671041666666667 0.24739062500000003 0.2630416666666667
0 0.29503906250000006 0.33520833333333333 0.096171875 0.18508333333333335
0 0.9038828125 0.394625 0.160640625 0.29741666666666666
0 0.850734375 0.34191666666666665 0.08750000000000001 0.18179166666666668
0 0.0484140625 0.34369791666666666 0.034328125 0.09302083333333333
0 0.23647656250000001 0.294 0.077015625 0.08529166666666665
0 0.7982421875000001 0.3170208333333333 0.054296875 0.10708333333333332
0 0.08862500000000001 0.35234375 0.05575 0.12227083333333333
0 0.1256796875 0.2961145833333333 0.028015625000000002 0.051062500000000004
0 0.05597656250000001 0.5282291666666666 0.11195312500000001 0.34808333333333336
0 0.5567734375000001 0.20895833333333336 0.068328125 0.11695833333333333
