0 0.298390625 0.8630833333333333 0.18709375 0.251625
0 0.548546875 0.8012916666666666 0.24965625000000002 0.39741666666666664
0 0.8659296875 0.768 0.043453125 0.106875
0 0.060953125 0.7257708333333334 0.0284375 0.10420833333333333
0 0.025554687500000003 0.70334375 0.032296875 0.07702083333333333
1 0.05575 0.7710104166666667 0.09996875 0.0751875
2 0.21453125000000003 0.7387395833333332 0.13175 0.0675625
0 0.8383359375 0.8051770833333334 0.07854687500000002 0.16435416666666666
2 0.11406250000000001 0.6951666666666667 0.08006250000000001 0.05
2 0.3029375 0.7217291666666666 0.07696875 0.0385
2 0.0941640625 0.7258125 0.11676562500000001 0.10183333333333333
0 0.6921875000000001 0.7461875 0.16181250000000003 0.27283333333333337
0 0.9513671875 0.7599895833333333 0.07520312500000001 0.09506250000000001
0 0.047625 0.7237395833333333 0.0231875 0.07964583333333333
