0 0.5515546875 0.9870433789954337 0.009640625 0.025913242009132417
0 0.8722734375000001 0.9903196347031963 0.019453125 0.019360730593607305
0 0.8967265625 0.9883561643835617 0.012109375 0.02328767123287671
0 0.9161328124999999 0.9940410958904109 0.010234375 0.01191780821917808
0 0.1747578125 0.9798515981735159 0.007765625 0.02582191780821918
0 0.1890703125 0.9867808219178081 0.013546875 0.020821917808219174
0 0.011898437500000001 0.9656050228310502 0.012265625 0.021027397260273972
0 0.7364296875 0.9164611872146118 0.011046875000000001 0.027442922374429222
0 0.8078906250000002 0.8972716894977169 0.015125 0.028424657534246573
0 0.17650000000000002 0.9513926940639268 0.01025 0.0208675799086758
