0 0.584125 0.5131145833333333 0.04303125 0.11097916666666667
0 0.49773437500000006 0.5285416666666667 0.025374999999999998 0.09645833333333333
0 0.1987265625 0.5355208333333333 0.020703125000000003 0.08991666666666666
0 0.45486718750000005 0.6400104166666666 0.077203125 0.2048958333333333
0 0.9447890624999999 0.4873645833333333 0.027453125000000002 0.06939583333333334
0 0.02359375 0.5213541666666667 0.0404375 0.103375
0 0.7081171875000001 0.5257916666666667 0.016921875 0.06045833333333333
0 0.37105468750000004 0.4928958333333333 0.016515625000000003 0.06820833333333334
0 0.381140625 0.5259166666666667 0.020375 0.056541666666666664
0 0.9611171875000001 0.4970104166666667 0.018984375 0.0374375
0 0.84084375 0.67346875 0.062468749999999997 0.2450625
0 0.2636640625 0.9453333333333332 0.19782812500000002 0.10933333333333332
0 0.0693203125 0.50759375 0.012140625 0.03847916666666666
