0 0.4021311475409836 0.45417187500000006 0.33597189695550356 0.56134375
0 0.9111475409836065 0.6453515625000001 0.10402810304449649 0.089609375
0 0.7688992974238875 0.667921875 0.1019672131147541 0.08265625
0 0.7022248243559718 0.6856562500000001 0.09611241217798594 0.10034375000000001
0 0.8842740046838409 0.7626406250000001 0.2314519906323185 0.25653125000000004
0 0.7629391100702576 0.7594375000000001 0.23163934426229507 0.23768750000000002
0 0.03081967213114754 0.7534375 0.06163934426229508 0.18881250000000002
0 0.6894847775175643 0.659484375 0.05775175644028103 0.051437500000000004
0 0.455175644028103 0.746359375 0.08318501170960188 0.10003125
0 0.9690749414519907 0.6612109375 0.049531615925058545 0.05120312500000001
0 0.19731850117096017 0.752046875 0.2593208430913349 0.22634375000000004
0 0.03895784543325526 0.6481250000000001 0.05843091334894614 0.039406250000000004
