0 0.86603 0.7343393393393394 0.0631 0.19636636636636637
0 0.7704899999999999 0.7477477477477478 0.05262 0.14222222222222222
0 0.03742 0.8494444444444444 0.07484 0.2471771771771772
0 0.31354999999999994 0.7235885885885885 0.03742 0.12585585585585585
0 0.97112 0.85987987987988 0.05776 0.2802402402402402
0 0.6724800000000001 0.733003003003003 0.03404 0.14732732732732734
0 0.48522000000000004 0.45021021021021024 0.13636 0.224024024024024
0 0.11938999999999998 0.6551651651651652 0.05858 0.2416816816816817
0 0.52752 0.6660510510510511 0.15628 0.6592492492492492
0 0.6344899999999999 0.6735435435435435 0.05662 0.1178978978978979
0 0.82133 0.749054054054054 0.044180000000000004 0.15006006006006006
0 0.23357999999999998 0.6881681681681682 0.061200000000000004 0.192012012012012
0 0.376 0.6936936936936937 0.752 0.3303303303303303
