0 0.4109609375 0.58192037470726 0.291109375 0.6017330210772833
0 0.679125 0.6735948477751756 0.18806250000000002 0.3937470725995316
0 0.7655234375000001 0.15524590163934426 0.079640625 0.17578454332552693
0 0.1553828125 0.3325995316159251 0.09367187500000002 0.29433255269320846
0 0.20692968750000001 0.3089578454332553 0.072078125 0.3197423887587822
0 0.2680390625 0.20539812646370023 0.072984375 0.19285714285714284
0 0.6603125000000001 0.4301990632318501 0.1048125 0.12822014051522249
0 0.7634765625000001 0.4473302107728337 0.099078125 0.09395784543325526
0 0.9665703125 0.4782435597189696 0.064265625 0.5481498829039813
0 0.7001015625000001 0.24276346604215457 0.10614062500000002 0.1637002341920375
0 0.5884375000000001 0.24532786885245905 0.07868750000000001 0.15725995316159253
0 0.9029453125 0.5101405152224824 0.156203125 0.7163934426229508
0 0.3019921875 0.4157259953161592 0.105796875 0.127096018735363
0 0.5 0.24941451990632318 0.9968750000000001 0.49414519906323184
