2 0.9368984375 0.7426580796252927 0.126203125 0.161288056206089
2 0.9536093750000001 0.6808548009367682 0.09278125000000001 0.07201405152224824
4 0.5569921875 0.5606674473067915 0.706171875 0.5685480093676816
4 0.10321875000000001 0.5417096018735363 0.20643750000000002 0.636768149882904
0 0.27875 0.6136182669789226 0.04415625000000001 0.07131147540983607
0 0.8286171875000001 0.5774355971896955 0.08326562500000001 0.18297423887587821
0 0.461546875 0.40908665105386416 0.025406250000000005 0.04964871194379391
0 0.5828125000000001 0.4203747072599532 0.0193125 0.04852459016393442
2 0.0232421875 0.8483138173302108 0.046484375 0.15503512880562062
2 0.7998515625 0.2567798594847775 0.11607812500000002 0.03885245901639344
0 0.6152656250000001 0.4284309133489461 0.028249999999999997 0.04416861826697892
0 0.7367265625 0.6342037470725995 0.021796875 0.058196721311475415
0 0.7061875 0.6377751756440281 0.0230625 0.0507728337236534
0 0.0895390625 0.6087587822014051 0.044484375 0.07620608899297424
0 0.551 0.4227751756440281 0.018562500000000003 0.038290398126463704
0 0.5131328125000001 0.4202341920374707 0.021390625 0.03817330210772834
