2 0.6246562500000001 0.6266422594142259 0.13296875 0.16784518828451883
2 0.60346875 0.4626569037656903 0.07428125000000001 0.11380753138075313
2 0.433453125 0.7105334728033473 0.15887500000000002 0.1868828451882845
2 0.4694453125 0.4243305439330543 0.070734375 0.08778242677824268
2 0.394390625 0.35195606694560666 0.04650000000000001 0.05039748953974895
2 0.6743359375 0.5123326359832636 0.11014062499999999 0.14746861924686192
2 0.5106015625 0.25908995815899577 0.03829687500000001 0.04625523012552301
2 0.753703125 0.3551882845188284 0.04678125 0.05393305439330544
2 0.5165078125 0.5168933054393304 0.13207812500000002 0.15286610878661086
4 0.599421875 0.20487447698744768 0.1009375 0.08317991631799163
0 0.1428515625 0.4784309623430962 0.021203125000000003 0.07995815899581589
0 0.0666328125 0.5318723849372384 0.031015625000000005 0.08855648535564853
0 0.307125 0.32323221757322174 0.01215625 0.03399581589958159
0 0.17465625 0.5228242677824267 0.025531250000000002 0.09251046025104602
2 0.8784765625000001 0.2802196652719665 0.027671875000000002 0.03918410041841004
0 0.052203124999999996 0.9390481171548116 0.0751875 0.12190376569037656
0 0.509203125 0.26707112970711294 0.0063437499999999996 0.02832635983263598
2 0.3458828125 0.8843410041841004 0.320359375 0.22792887029288703
2 0.384109375 0.3987029288702929 0.0543125 0.06493723849372385
2 0.3394609375 0.3205962343096234 0.047109375 0.06407949790794978
2 0.603125 0.40167364016736395 0.671875 0.4644351464435146
