0 0.5714374999999999 0.5225234741784038 0.179375 0.5923239436619718
0 0.5048828125 0.5926643192488263 0.141671875 0.5154225352112676
0 0.3971328125 0.6426995305164318 0.151078125 0.40450704225352113
0 0.27884375 0.5793075117370893 0.054875 0.09528169014084507
0 0.11306250000000001 0.6734272300469484 0.0538125 0.12619718309859154
0 0.06171875 0.6565845070422535 0.081375 0.3125117370892019
0 0.8417890625000001 0.6056220657276996 0.316421875 0.6044835680751174
0 0.227359375 0.692887323943662 0.07228125 0.225962441314554
0 0.17007031250000001 0.6393075117370893 0.049828125 0.0942018779342723
0 0.22099218750000002 0.6746830985915494 0.063296875 0.24833333333333335
0 0.5437187499999999 0.5719131455399061 0.09125 0.46964788732394364
0 0.31567968750000003 0.675974178403756 0.048921875000000004 0.21481220657276998
0 0.14277343750000002 0.7091197183098592 0.05260937500000001 0.1906338028169014
0 0.23046875 0.6279342723004695 0.4609375 0.2652582159624413
