2 0.22464 0.4838920454545455 0.18668 0.23596590909090912
2 0.12376 0.41973011363636364 0.07392 0.0734375
2 0.64891 0.4216193181818182 0.1635 0.1368181818181818
2 0.9438000000000001 0.44240056818181817 0.11240000000000001 0.22321022727272727
0 0.85756 0.4034943181818182 0.28488 0.5417613636363636
2 0.31316000000000005 0.4204403409090908 0.04312 0.04303977272727273
2 0.76651 0.4321448863636364 0.11046 0.18076704545454547
4 0.44644 0.37521306818181827 0.11004000000000001 0.06588068181818182
2 0.3487 0.42386363636363644 0.03452 0.02465909090909091
0 0.58452 0.3963210227272727 0.32283999999999996 0.7054829545454546
