0 0.47799218750000005 0.4886041666666667 0.076671875 0.235
0 0.5006250000000001 0.4179583333333333 0.02490625 0.04766666666666666
0 0.32478125 0.5423125 0.03675 0.14695833333333336
0 0.13488281249999998 0.50971875 0.04245312500000001 0.1160625
0 0.2783828125 0.5295729166666666 0.026265625 0.09939583333333334
0 0.44117968750000003 0.43876041666666665 0.055984375 0.09543750000000001
0 0.5469140625000001 0.4550625 0.082578125 0.17304166666666668
0 0.7337265625 0.5855625 0.069984375 0.11333333333333333
0 0.42667187500000003 0.4428541666666667 0.039656250000000004 0.075875
0 0.7778203124999999 0.5829375 0.036015625 0.12091666666666666
0 0.3840234375 0.54478125 0.028328125 0.1421875
