0 0.8410546875 0.4309895833333333 0.09104687500000001 0.18847916666666667
0 0.814890625 0.33978125 0.01009375 0.04864583333333333
0 0.8426562500000001 0.43213541666666666 0.08578125 0.18477083333333333
0 0.696875 0.41682291666666665 0.010625 0.025270833333333336
2 0.8651171875 0.34135416666666674 0.09626562500000001 0.049041666666666664
0 0.4795390625 0.4166666666666667 0.005328125 0.01883333333333333
0 0.47253906250000005 0.4183645833333333 0.0064218750000000005 0.0203125
0 0.45563281250000004 0.41804166666666664 0.006765625000000001 0.018708333333333334
0 0.530203125 0.4162916666666667 0.008624999999999999 0.029375
0 0.56703125 0.4127395833333333 0.00728125 0.024187499999999997
0 0.5765859375 0.4277291666666666 0.009265625 0.013208333333333332
0 0.5490078125000001 0.4041666666666667 0.005140625 0.0175
2 0.9700859375 0.31092708333333335 0.032015625 0.014979166666666667
0 0.46450781250000006 0.4170416666666667 0.004859375 0.01883333333333333
0 0.555671875 0.41864583333333333 0.00646875 0.016291666666666666
0 0.31562500000000004 0.41041666666666665 0.096875 0.025
