0 0.15942187500000002 0.9724178403755869 0.01178125 0.0528169014084507
0 0.21281250000000004 0.975669014084507 0.02146875 0.04866197183098592
0 0.0582890625 0.9721244131455399 0.070078125 0.05575117370892019
0 0.42555468750000003 0.9689201877934273 0.017609375 0.06215962441314554
0 0.4742421875 0.986244131455399 0.015515625 0.024366197183098594
0 0.49975781249999995 0.9719248826291079 0.016484375000000002 0.056150234741784044
0 0.544671875 0.9797417840375587 0.01878125 0.040516431924882634
0 0.6007421875 0.9780868544600939 0.012140625 0.04194835680751174
0 0.6497109375000001 0.9876173708920188 0.010015625 0.019882629107981224
0 0.7682968750000001 0.9874413145539908 0.01890625 0.025117370892018778
0 0.13402343749999998 0.9678286384976527 0.009984375 0.04007042253521127
0 0.17839062500000002 0.9704225352112675 0.0160625 0.05704225352112676
6 0.38070312500000003 0.962781690140845 0.051437500000000004 0.03913145539906104
0 0.250234375 0.9506455399061033 0.012750000000000001 0.024342723004694835
0 0.446875 0.9553990610328639 0.8187500000000001 0.08450704225352113
