0 0.3979921875 0.5692194092827004 0.38160937500000003 0.861561181434599
0 0.188484375 0.556181434599156 0.2321875 0.8516877637130801
0 0.5982265625000001 0.5971940928270042 0.19982812500000002 0.8056118143459915
0 0.6799296875 0.6625949367088607 0.112328125 0.5182700421940928
0 0.82403125 0.44031645569620254 0.12678125 0.8220675105485232
0 0.9765390625000001 0.350548523206751 0.044109375000000006 0.4179746835443038
0 0.759125 0.3890084388185654 0.080875 0.7408860759493671
0 0.9156015625 0.3232700421940928 0.056078125000000006 0.2673839662447257
0 0.28646875 0.37824894514767926 0.08034375 0.6337130801687763
0 0.7127265625000001 0.4744303797468354 0.043515625 0.190210970464135
0 0.23221875000000003 0.29751054852320674 0.07771875 0.3586497890295358
0 0.09364843750000001 0.21751054852320673 0.054734375 0.17518987341772152
