1 0.5591953125 0.9040420560747662 0.21623437499999998 0.17130841121495324
1 0.07694531250000002 0.9510747663551401 0.15101562500000001 0.07313084112149533
2 0.8069375000000001 0.6588200934579439 0.38521875 0.28693925233644857
2 0.153703125 0.5615771028037383 0.09000000000000001 0.12128504672897195
0 0.5449609375 0.7185747663551401 0.317015625 0.5391588785046728
0 0.217046875 0.4704556074766355 0.07865625000000001 0.2807710280373832
0 0.45192187500000003 0.39467289719626164 0.08281250000000001 0.2161682242990654
0 0.37259375000000006 0.43587616822429903 0.1006875 0.33707943925233647
0 0.5525156250000001 0.5239602803738317 0.1556875 0.21324766355140184
0 0.32332031250000004 0.3513668224299066 0.034921875000000005 0.09179906542056074
2 0.027335937500000004 0.580806074766355 0.05467187500000001 0.1728271028037383
0 0.10959375 0.731553738317757 0.2191875 0.5368925233644859
2 0.11879687500000001 0.5168808411214952 0.042125 0.04969626168224298
2 0.9738984375000002 0.7502219626168223 0.052203124999999996 0.16740654205607478
0 0.29053125 0.45914719626168227 0.0763125 0.2886682242990654
