0 0.16369531250000002 0.712563025210084 0.062953125 0.16254901960784315
0 0.636859375 0.3506442577030812 0.0233125 0.07977591036414566
0 0.07883593750000001 0.7100700280112044 0.042484375000000005 0.10775910364145658
0 0.9324609375 0.6786694677871148 0.08685937500000002 0.12837535014005602
0 0.1199765625 0.7130672268907563 0.050796875 0.0788515406162465
0 0.44879687500000004 0.2427310924369748 0.01015625 0.04120448179271709
0 0.59325 0.21197478991596638 0.014656250000000003 0.030672268907563024
0 0.637234375 0.2558683473389356 0.017968750000000002 0.04658263305322129
0 0.7196562500000001 0.1461344537815126 0.0075625 0.025210084033613446
0 0.75003125 0.10557422969187674 0.01565625 0.04324929971988795
0 0.794140625 0.16397759103641457 0.0138125 0.05607843137254902
0 0.8336328125 0.28369747899159664 0.012015625000000002 0.02952380952380952
0 0.0176328125 0.5258963585434174 0.015296875 0.1046218487394958
0 0.49921875000000004 0.28991596638655465 0.9984375000000001 0.5798319327731093
