0 0.9663124999999999 0.24771662763466043 0.06643750000000001 0.1164168618266979
0 0.6169609375 0.5134777517564403 0.379328125 0.7573067915690866
0 0.7369062500000001 0.35841920374707265 0.1424375 0.43370023419203746
0 0.11595312500000002 0.3355386416861827 0.12193750000000002 0.42555035128805624
0 0.2928203125 0.37902810304449647 0.17529687500000002 0.363208430913349
0 0.4058671875 0.36736533957845435 0.18476562500000002 0.6704683840749415
0 0.6474140625000001 0.22489461358313817 0.021640625 0.023793911007025763
0 0.43257812500000004 0.44354800936768146 0.28559375000000004 0.6663466042154567
0 0.8006953125000001 0.1740632318501171 0.018609375 0.02845433255269321
0 0.8477031250000002 0.18183840749414518 0.019000000000000003 0.023770491803278688
