2 0.5711796875 0.9621458333333333 0.036390625 0.018791666666666665
2 0.5989140625 0.9603125 0.028390625000000003 0.019125
2 0.6563125 0.9562604166666666 0.03603125 0.022104166666666664
2 0.80728125 0.93984375 0.05562500000000001 0.02764583333333333
0 0.27825781250000003 0.9747916666666666 0.007390625000000001 0.006874999999999999
0 0.269015625 0.9792812499999999 0.0043124999999999995 0.010020833333333333
0 0.2373046875 0.9773854166666666 0.0064843750000000006 0.018979166666666665
0 0.11953125 0.9833229166666667 0.0074062500000000005 0.02735416666666667
2 0.9721328124999999 0.9297083333333332 0.034890625 0.017916666666666664
2 0.62103125 0.9586770833333333 0.030687500000000003 0.0213125
0 0.8513515625000001 0.9400416666666666 0.004671875000000001 0.017041666666666667
0 0.2867421875 0.9792604166666666 0.008859375000000001 0.016104166666666666
0 0.846125 0.940375 0.0043124999999999995 0.010458333333333332
2 0.9930703125 0.9251145833333333 0.013859375 0.0226875
