2 0.7592578125 0.39521077283372363 0.107921875 0.09121779859484778
2 0.5938828125000001 0.35800936768149877 0.08429687500000001 0.05466042154566745
0 0.337640625 0.5116744730679157 0.43600000000000005 0.9766510538641685
0 0.857671875 0.4698829039812646 0.09503125000000001 0.3611241217798595
0 0.9763828125 0.44685011709601874 0.044296875000000006 0.35847775175644025
0 0.1708984375 0.3127049180327869 0.04220312500000001 0.1458313817330211
0 0.24905468750000004 0.29928571428571427 0.030578125 0.0922950819672131
0 0.9301796874999999 0.34511709601873536 0.043921875 0.10259953161592507
0 0.085921875 0.3678337236533958 0.07575 0.28147540983606556
0 0.21400000000000002 0.3120023419203747 0.03609375 0.08915690866510538
2 0.8155234375000001 0.3683255269320843 0.052953125000000004 0.05060889929742388
0 0.948140625 0.4336182669789227 0.07084375000000001 0.2946838407494145
0 0.27999999999999997 0.3040866510538642 0.014281250000000002 0.03519906323185012
