3 0.87253125 0.7043515625000001 0.17597916666666666 0.116328125
0 0.4770833333333333 0.7132421875 0.07775 0.196546875
0 0.5418541666666666 0.755 0.05383333333333333 0.09453125000000001
0 0.34794791666666663 0.7533984375 0.07689583333333333 0.112359375
0 0.7305520833333332 0.7192734375000001 0.0440625 0.07985937500000001
1 0.20170833333333332 0.779296875 0.079 0.14293750000000002
0 0.8729895833333332 0.6331875 0.03502083333333333 0.04396875
0 0.9736562499999999 0.6838203125000001 0.05164583333333333 0.15460937500000002
0 0.41127083333333336 0.7632656250000001 0.06583333333333334 0.10262500000000002
0 0.6378541666666666 0.7173828125 0.068875 0.08135937500000001
1 0.021760416666666667 0.797359375 0.043520833333333335 0.16690625
