0 0.3698671875 0.3607604166666667 0.020171875000000002 0.06064583333333333
0 0.39960937500000004 0.3478333333333333 0.0165 0.04720833333333333
0 0.4577578125000001 0.3715625 0.019640625000000002 0.05725
0 0.47925781250000005 0.38070833333333337 0.009546875000000002 0.029833333333333333
0 0.284984375 0.3603645833333334 0.04050000000000001 0.06764583333333334
0 0.5285624999999999 0.380125 0.0090625 0.022208333333333333
0 0.5622656250000001 0.36495833333333333 0.02490625 0.07554166666666666
0 0.693703125 0.36389583333333336 0.017 0.041875
0 0.7239531250000001 0.36185416666666664 0.02003125 0.040749999999999995
0 0.6320000000000001 0.38029166666666664 0.015562500000000002 0.013833333333333333
0 0.59359375 0.3638333333333333 0.021718750000000002 0.05875
0 0.6532187500000001 0.36270833333333335 0.01040625 0.041625
0 0.4337734375 0.37084374999999997 0.014578125 0.06914583333333332
0 0.40859375000000003 0.3989583333333333 0.0234375 0.027083333333333334
