0 0.14934375 0.5753037383177569 0.04203125 0.20546728971962613
0 0.966421875 0.53875 0.033625 0.13175233644859813
0 0.9185390625000001 0.5752336448598131 0.040546875 0.22789719626168223
0 0.1009296875 0.5533294392523364 0.049984375 0.20516355140186915
0 0.040070312500000003 0.5415654205607476 0.035109375 0.12285046728971961
0 0.059859375000000006 0.5586448598130841 0.031968750000000004 0.16962616822429905
0 0.8663750000000001 0.5764018691588785 0.067625 0.24495327102803738
0 0.2129921875 0.574964953271028 0.039015625 0.19768691588785045
0 0.199953125 0.560268691588785 0.03415625 0.20665887850467288
0 0.0410234375 0.6078855140186916 0.036953124999999996 0.1386214953271028
0 0.01409375 0.5927219626168224 0.0281875 0.22950934579439253
0 0.9339765625 0.48896028037383177 0.020984375 0.05049065420560747
0 0.1806875 0.5716004672897196 0.02859375 0.1619392523364486
0 0.49921875000000004 0.5700934579439252 0.9984375000000001 0.21495327102803738
