2 0.5115703125000001 0.28867187499999997 0.09154687500000001 0.0475
0 0.6696015625 0.48958984375 0.118609375 0.3227734375
0 0.8659296875 0.47516601562500005 0.09198437500000001 0.31669921875
0 0.4704765625 0.392724609375 0.041640625 0.06126953125
0 0.5548046875 0.38521484375 0.066671875 0.07265625
0 0.8100703125 0.39572265624999997 0.06107812500000001 0.0569140625
0 0.1777421875 0.36896484375 0.036546875 0.1001171875
0 0.06428125 0.366318359375 0.051625000000000004 0.10259765625
0 0.4457578125000001 0.3997265625 0.035859375 0.0456640625
0 0.60071875 0.36380859374999996 0.051375000000000004 0.109921875
0 0.9856953125000001 0.3684375 0.028609375 0.1311328125
0 0.2623359375 0.524609375 0.282265625 0.7160546875
2 0.9175234375000001 0.27559570312500004 0.128546875 0.03158203125
