0 0.39729166666666665 0.7917578125000001 0.47554166666666664 0.38826562500000006
0 0.07347916666666668 0.6905546875 0.08458333333333333 0.281078125
0 0.02664583333333333 0.8104843750000001 0.05316666666666667 0.37721875
0 0.42942708333333335 0.1204921875 0.15614583333333334 0.22973437500000002
0 0.8269270833333333 0.2599453125 0.07839583333333333 0.186359375
0 0.93 0.28539062499999995 0.12441666666666666 0.20084375
0 0.7781874999999999 0.32860937500000004 0.03754166666666667 0.02690625
0 0.94215625 0.8674687500000001 0.1156875 0.2650625
0 0.1364375 0.7016015625 0.072125 0.19573437500000002
0 0.8871979166666666 0.7287578125 0.2256041666666667 0.33964062500000003
0 0.10453124999999999 0.594125 0.015395833333333333 0.0141875
0 0.3257604166666666 0.18712499999999999 0.09547916666666666 0.13875
0 0.10902083333333333 0.6235468750000002 0.021625000000000002 0.03584375
0 0.21875 0.7132812500000001 0.4083333333333333 0.2484375
