0 0.32809375 0.8640468750000001 0.094375 0.21796875000000002
0 0.45315625 0.8596875000000002 0.055281250000000004 0.20665624999999999
0 0.6158515625000001 0.81271875 0.079796875 0.10031250000000001
0 0.4075703125000001 0.8635078125 0.050984375000000005 0.196078125
2 0.11191406250000001 0.8590234375 0.093828125 0.134796875
2 0.056499999999999995 0.7910078125000001 0.09146875 0.07504687500000001
2 0.291515625 0.8193125000000001 0.08003125 0.09265625
2 0.40090625 0.8019218750000001 0.078875 0.09115625000000001
2 0.5701875000000001 0.7704453125 0.039281250000000004 0.031828125000000006
2 0.3628125 0.7655859375 0.019343750000000003 0.028484375000000003
2 0.21048437500000003 0.78109375 0.029937500000000002 0.034625
2 0.7117265625 0.7695390625 0.050515625 0.033328125
2 0.488890625 0.8098749999999999 0.049375 0.0641875
2 0.519859375 0.7708750000000001 0.0375625 0.0414375
2 0.32522656250000004 0.764671875 0.031359375 0.0188125
2 0.284078125 0.7622734375 0.025968750000000002 0.012359375
