1 0.4893828125 0.5161032863849766 0.04220312500000001 0.1255868544600939
1 0.2586640625 0.4804694835680751 0.024578125000000003 0.061408450704225355
2 0.6417343750000001 0.46404929577464793 0.07965625 0.0697417840375587
2 0.589546875 0.45710093896713616 0.043625000000000004 0.06232394366197183
2 0.7143515625000001 0.44063380281690145 0.025765625 0.04323943661971832
2 0.6725859375000001 0.43808685446009393 0.041734375000000004 0.03814553990610329
0 0.1466953125 0.45434272300469486 0.094515625 0.3661032863849766
0 0.48164062500000004 0.46292253521126764 0.056843750000000005 0.17077464788732394
0 0.2576640625 0.4536737089201878 0.026640625 0.07931924882629109
0 0.1969296875 0.4556924882629108 0.018515625 0.054483568075117374
0 0.513703125 0.4552347417840376 0.0138125 0.10046948356807511
1 0.19571875000000002 0.46962441314553993 0.009156250000000001 0.044131455399061034
0 0.10141406250000001 0.4494366197183099 0.019859375000000002 0.11079812206572771
2 0.9589921875 0.4639319248826291 0.028609375 0.02720657276995305
