0 0.5261640625 0.4224774774774775 0.213578125 0.7011261261261261
0 0.92990625 0.4164864864864865 0.1401875 0.5928378378378379
0 0.3004921875 0.20246621621621624 0.064828125 0.23362612612612613
0 0.886703125 0.14911036036036035 0.0499375 0.1379954954954955
0 0.6479921875 0.1789527027027027 0.051421875 0.20173423423423423
0 0.261640625 0.18551801801801804 0.050031250000000006 0.21986486486486487
0 0.798984375 0.23863738738738738 0.15434375 0.3662837837837838
0 0.6908984375 0.15005630630630631 0.030359375 0.12078828828828829
0 0.20618750000000002 0.14539414414414417 0.03575 0.10984234234234234
0 0.18132031250000002 0.1485810810810811 0.025015625000000003 0.10220720720720722
