0 0.074609375 0.601123046875 0.0161875 0.04271484375
0 0.1094921875 0.60265625 0.011078125000000001 0.0353515625
0 0.12386718749999999 0.603818359375 0.009578125 0.03642578125
0 0.6839609375000001 0.66201171875 0.021015625 0.0349609375
0 0.0973984375 0.600732421875 0.011953125000000002 0.03072265625
0 0.6710234375 0.6638671875 0.015796875 0.037109375
0 0.65990625 0.6587011718750001 0.01490625 0.03919921875
0 0.12887500000000002 0.6051660156249999 0.005625000000000001 0.01298828125
0 0.11620312499999999 0.6035839843749999 0.0054375000000000005 0.02396484375
0 0.0919609375 0.601025390625 0.008296875 0.03076171875
0 0.035250000000000004 0.6167578125 0.022875000000000003 0.05421875
0 0.0628984375 0.600546875 0.009609375000000002 0.0309375
0 0.0850546875 0.6028222656250001 0.006765625000000001 0.03068359375
0 0.00859375 0.619140625 0.0140625 0.04296875
