2 0.7293515625 0.5928124999999999 0.08776562500000001 0.05429166666666666
3 0.30096875 0.86440625 0.19237500000000002 0.26539583333333333
3 0.1486484375 0.78828125 0.09798437500000001 0.22297916666666667
0 0.1382578125 0.6847291666666667 0.102421875 0.246375
0 0.31745312500000006 0.7616770833333334 0.15678125 0.3498958333333333
0 0.39328906250000006 0.5835729166666666 0.011390625000000001 0.01964583333333333
0 0.9050000000000001 0.8352083333333332 0.1625 0.3295833333333333
0 0.0734453125 0.6598020833333335 0.075015625 0.21135416666666668
0 0.3891171875000001 0.7091979166666667 0.07660937500000001 0.24210416666666665
0 0.1536015625 0.5517395833333334 0.023296875 0.04052083333333333
0 0.5503984375000001 0.647125 0.079015625 0.10933333333333332
0 0.6797578125000001 0.6497708333333333 0.061328125000000004 0.10475
0 0.6895937500000001 0.5714895833333333 0.0085 0.023270833333333334
2 0.6391484374999999 0.6120625000000001 0.079578125 0.05183333333333333
2 0.8081484375000001 0.6003645833333333 0.117515625 0.06452083333333333
2 0.49673437499999995 0.5614479166666667 0.052375000000000005 0.015270833333333332
3 0.39685156250000003 0.6892291666666667 0.08642187500000001 0.12391666666666666
3 0.7204375000000001 0.72684375 0.08128125000000001 0.14777083333333335
3 0.2260703125 0.6921041666666667 0.072890625 0.08970833333333333
3 0.025562500000000002 0.6044479166666666 0.047093750000000004 0.08939583333333333
2 0.49273437500000006 0.5755520833333334 0.05712500000000001 0.012895833333333334
2 0.36773437500000006 0.5623125 0.034031250000000006 0.028625
3 0.5494218750000001 0.7895625000000001 0.11215625000000001 0.18254166666666669
2 0.44736718750000004 0.5574479166666667 0.049109375000000004 0.026729166666666665
