3 0.4957109375 0.5572955145118733 0.8556718750000001 0.844934036939314
3 0.77084375 0.33241424802110814 0.44571875 0.6189709762532981
0 0.14261718750000002 0.18097625329815303 0.059984375000000006 0.2350923482849604
0 0.2300703125 0.19257255936675466 0.09735937500000001 0.38287598944591034
0 0.30768750000000006 0.10982849604221635 0.060687500000000005 0.2196569920844327
0 0.47543749999999996 0.19795514511873352 0.11806250000000001 0.39591029023746704
0 0.37727343750000003 0.11460422163588391 0.09714062500000001 0.22920844327176781
0 0.7921171875 0.10646437994722956 0.037921875 0.2129287598944591
0 0.8412265625 0.10810026385224274 0.050921875000000005 0.21620052770448547
0 0.5621171875000001 0.1396042216358839 0.092890625 0.2784168865435356
0 0.14660156249999998 0.19361477572559366 0.098953125 0.3872295514511873
0 0.20037500000000003 0.21705804749340368 0.08006250000000001 0.43073878627968337
0 0.89340625 0.08403693931398416 0.05443750000000001 0.16807387862796833
0 0.11821875 0.024986807387862794 0.029062500000000005 0.040316622691292874
0 0.016039062500000003 0.3143139841688654 0.032078125000000006 0.4696833773087071
