1 0.53135 0.45165333333333324 0.02598 0.04389333333333333
2 0.31240999999999997 0.48667999999999995 0.17618 0.14456
4 0.93482 0.41128 0.10028000000000001 0.09717333333333332
4 0.70065 0.39322666666666667 0.03418 0.04853333333333333
0 0.75629 0.4000666666666667 0.00726 0.011493333333333331
0 0.82262 0.42030666666666666 0.008039999999999999 0.03709333333333333
2 0.40844 0.45918666666666663 0.08572 0.11341333333333334
2 0.20576999999999998 0.42881333333333327 0.07890000000000001 0.07938666666666666
0 0.69245 0.4060266666666667 0.0079 0.019786666666666664
0 0.6590999999999999 0.41679999999999995 0.01336 0.04186666666666666
3 0.67498 0.43135999999999997 0.0112 0.018986666666666666
6 0.8748 0.4041066666666666 0.036840000000000005 0.07504
6 0.5669100000000001 0.42133333333333334 0.05094 0.07162666666666666
0 0.67725 0.41637333333333326 0.01418 0.038239999999999996
1 0.71939 0.41568 0.004940000000000001 0.0184
2 0.82725 0.40424 0.035140000000000005 0.021866666666666663
0 0.71969 0.40272 0.00846 0.021439999999999997
0 0.53797 0.42672 0.01362 0.05114666666666667
0 0.74703 0.3977733333333333 0.006500000000000001 0.01368
3 0.75596 0.4120133333333333 0.01208 0.019813333333333332
3 0.7457299999999999 0.40759999999999996 0.00734 0.013653333333333333
6 0.6121599999999999 0.39424 0.06636 0.09397333333333334
0 0.7411000000000001 0.40641333333333335 0.01268 0.01821333333333333
6 0.7020899999999999 0.39372 0.0381 0.046
0 0.8325699999999999 0.41905333333333333 0.009300000000000001 0.03496
0 0.6146800000000001 0.43085333333333337 0.013960000000000002 0.06277333333333333
2 0.8475999999999999 0.4188533333333333 0.01308 0.036746666666666664
