1 0.2943403693931398 0.73133 0.13316622691292876 0.15597999999999998
4 0.13340369393139842 0.57303 0.23124010554089708 0.2427
0 0.30464379947229553 0.67096 0.13240105540897096 0.2332
0 0.876820580474934 0.63179 0.04113456464379947 0.0783
0 0.9739577836411609 0.63149 0.016517150395778363 0.08578000000000001
0 0.80311345646438 0.63553 0.049656992084432715 0.08478000000000001
0 0.0937467018469657 0.5547099999999999 0.04548812664907651 0.03686
0 0.7727572559366754 0.62825 0.0383377308707124 0.09346
0 0.7343403693931398 0.6356600000000001 0.030580474934036938 0.07212
3 0.6150527704485489 0.63781 0.1486807387862797 0.07078
3 0.5393139841688653 0.64636 0.050712401055408966 0.05224
3 0.471688654353562 0.64735 0.09678100263852242 0.054380000000000005
3 0.39527704485488124 0.64963 0.07467018469656991 0.05054
0 0.9377704485488126 0.6362300000000001 0.06562005277044855 0.08098000000000001
