0 0.573384074941452 0.467984375 0.8516861826697892 0.7919375
0 0.3250468384074942 0.750453125 0.16269320843091334 0.36418750000000005
0 0.11425058548009369 0.7267187500000001 0.19491803278688524 0.35875
0 0.5752693208430913 0.6231484375 0.1795784543325527 0.259578125
0 0.19401639344262295 0.84765625 0.23978922716627635 0.21603125
0 0.046159250585480094 0.864265625 0.09231850117096019 0.21271874999999998
0 0.9570257611241219 0.7979296874999999 0.08594847775175644 0.22898437500000002
0 0.8114051522248245 0.648109375 0.13199063231850117 0.19696875000000003
0 0.9301170960187354 0.6245625000000001 0.12852459016393444 0.17315625
0 0.43610070257611244 0.6664453125 0.10016393442622952 0.219359375
0 0.4861475409836066 0.6755000000000001 0.09838407494145199 0.19990625
