0 0.4523671875 0.4733333333333334 0.013921875 0.028083333333333335
0 0.4395390625 0.4739166666666667 0.013234375000000001 0.026375
0 0.42272656250000007 0.4801458333333334 0.023359375 0.034958333333333334
0 0.4007109375 0.48120833333333335 0.015515625 0.039
0 0.1014921875 0.48676041666666664 0.011484375 0.014645833333333334
0 0.13634374999999999 0.4849270833333333 0.0155 0.025062499999999998
0 0.08250000000000002 0.48922916666666666 0.01234375 0.011458333333333333
0 0.10795312500000001 0.4878958333333333 0.0075625 0.014958333333333332
0 0.37046093750000003 0.43904166666666666 0.007953125 0.023
0 0.4168359375000001 0.43903125000000004 0.004640625000000001 0.021354166666666667
0 0.27542187500000004 0.4380520833333333 0.0054687500000000005 0.025520833333333333
0 0.0456171875 0.4878020833333333 0.016234375000000002 0.0098125
