0 0.5706953125 0.1573003802281369 0.12189062500000002 0.18425855513307984
0 0.41939062499999996 0.1880893536121673 0.11699999999999999 0.12693916349809886
0 0.941515625 0.1530703422053232 0.11696875000000001 0.1870532319391635
0 0.7081875 0.19465779467680608 0.13875 0.11186311787072244
0 0.22347656249999998 0.5842680608365018 0.221640625 0.5033650190114068
0 0.32448437500000005 0.6684695817490495 0.27125 0.36899239543726237
0 0.24753906250000002 0.1342490494296578 0.17014062500000002 0.2538212927756654
0 0.986171875 0.07050380228136882 0.02765625 0.13830798479087453
0 0.8888359375000001 0.11084600760456274 0.10623437499999999 0.19093155893536123
0 0.27643750000000006 0.17925855513307984 0.11978125 0.13988593155893536
0 0.72159375 0.5423669201520912 0.23609375 0.5930608365019011
0 0.40096875000000004 0.09802281368821293 0.141625 0.19338403041825095
0 0.6610390625 0.10949619771863117 0.11389062500000001 0.20929657794676806
