1 0.854171875 0.7169835680751174 0.10284375 0.3734037558685446
1 0.7277109375 0.528556338028169 0.033703125 0.15288732394366197
1 0.7665937500000001 0.4931572769953052 0.01753125 0.10279342723004695
0 0.1545078125 0.6751173708920188 0.291234375 0.4155868544600939
0 0.8623203125000001 0.5318896713615023 0.180984375 0.5752816901408451
0 0.627484375 0.3758333333333333 0.022656250000000003 0.05593896713615023
0 0.5308671875000001 0.5027699530516432 0.075171875 0.1400469483568075
0 0.7719687500000001 0.4328521126760564 0.03753125 0.16828638497652582
1 0.19121875 0.7318779342723004 0.38225 0.35140845070422533
0 0.74321875 0.44915492957746483 0.0616875 0.21065727699530515
0 0.8062421875000001 0.41516431924882624 0.032078125000000006 0.12211267605633803
0 0.7195234375 0.39029342723004695 0.015078125000000001 0.0557981220657277
0 0.6230234375000001 0.4416666666666666 0.05354687500000001 0.09690140845070423
0 0.662296875 0.41023474178403757 0.0155 0.04929577464788733
0 0.6442265625000001 0.41048122065727705 0.022609375 0.04077464788732395
0 0.6970000000000001 0.39467136150234744 0.0061875 0.023615023474178404
1 0.801796875 0.504049295774648 0.013250000000000001 0.11406103286384978
1 0.6197734375 0.4531338028169014 0.047515625000000006 0.10481220657276995
1 0.6640390625000001 0.4390492957746479 0.020421875000000003 0.04377934272300469
0 0.68915625 0.3895305164319249 0.013093750000000001 0.026572769953051644
1 0.68840625 0.4053403755868545 0.00603125 0.029037558685446007
0 0.215625 0.3685446009389671 0.296875 0.09859154929577466
