2 0.347890625 0.7387587822014051 0.19640625 0.20814988290398126
2 0.24438281250000002 0.7085128805620609 0.08454687500000001 0.1424121779859485
2 0.9048124999999999 0.9168501170960187 0.19037500000000002 0.14381733021077284
0 0.5218984375 0.7639110070257611 0.062109375 0.2557845433255269
2 0.6233125 0.6764871194379392 0.044750000000000005 0.0546135831381733
0 0.50365625 0.7594379391100703 0.0303125 0.20955503512880563
6 0.10417187500000001 0.7237470725995316 0.20834375000000002 0.2268384074941452
0 0.5514453125000001 0.7631615925058548 0.019765625000000002 0.20768149882903983
0 0.20121875 0.6626814988290397 0.017125 0.05042154566744731
2 0.6602421875000001 0.6930327868852459 0.041796875000000004 0.06737704918032787
2 0.6000078125 0.6964754098360655 0.020515625000000003 0.06648711943793911
2 0.6419140625 0.6604098360655738 0.016421875 0.0251288056206089
2 0.6599609375000001 0.647072599531616 0.016640625000000003 0.02079625292740047
0 0.580375 0.774215456674473 0.05525 0.23049180327868854
4 0.50646875 0.6379391100702577 0.19762500000000002 0.19105386416861828
