0 0.37998437500000004 0.44429313929313935 0.1546875 0.4720374220374221
0 0.30145312500000004 0.35695426195426194 0.11296875 0.33844074844074845
0 0.12250000000000001 0.3017567567567567 0.0581875 0.09453222453222454
0 0.06242187500000001 0.29873180873180877 0.037375000000000005 0.12652806652806653
0 0.4934140625000001 0.3103430353430353 0.050984375000000005 0.27802494802494804
0 0.6207343750000001 0.3296361746361747 0.08721875000000001 0.10617463617463618
0 0.8634374999999999 0.30701663201663204 0.03996875 0.06704781704781705
0 0.7554531250000001 0.4455301455301456 0.151875 0.29351351351351357
0 0.7792109375 0.5067359667359668 0.263671875 0.3492723492723493
0 0.742171875 0.30215176715176717 0.0804375 0.09939708939708941
0 0.20867968750000002 0.3034511434511435 0.044703125 0.07135135135135136
