0 0.5755859375 0.8676770833333334 0.034546875 0.1351875
0 0.056875 0.9712291666666667 0.021875000000000002 0.057541666666666665
0 0.1084453125 0.9479583333333332 0.027671875000000002 0.10129166666666665
0 0.356015625 0.8926250000000001 0.01065625 0.04
0 0.23496093750000002 0.897875 0.016671875 0.02675
0 0.8041171875 0.8741666666666666 0.031546875 0.07629166666666666
0 0.6990546875 0.8551354166666666 0.05701562500000001 0.2667291666666667
0 0.748265625 0.9036354166666667 0.0043124999999999995 0.012270833333333333
0 0.24864843750000004 0.9113229166666666 0.016859375 0.013479166666666665
0 0.2730546875 0.90534375 0.005015625 0.0091875
0 0.3782734375000001 0.9032708333333334 0.007765625 0.023208333333333334
0 0.07703125 0.9535625000000001 0.020375 0.092875
0 0.38482031250000004 0.9053645833333333 0.008296875 0.017479166666666667
0 0.0890625 0.9562499999999999 0.018750000000000003 0.07916666666666666
