4 0.4439453125 0.5201805555555555 0.6255468750000001 0.5829722222222222
0 0.7879609375000001 0.6081944444444445 0.030421875 0.14166666666666666
0 0.060382812499999994 0.6223194444444444 0.014703125000000001 0.08680555555555555
0 0.042921875 0.6229444444444445 0.02471875 0.0818888888888889
0 0.08881250000000002 0.619263888888889 0.01246875 0.08908333333333333
0 0.0822265625 0.6177222222222223 0.011671875 0.07877777777777778
0 0.11271875 0.589013888888889 0.013125000000000001 0.018861111111111113
2 0.1134609375 0.6343888888888889 0.046546875 0.07433333333333333
0 0.4660390625 0.5322500000000001 0.07332812500000001 0.06194444444444445
2 0.7563359375 0.6357222222222223 0.036203125 0.07322222222222223
