0 0.24055468750000003 0.6969667590027702 0.040109375 0.17011080332409972
0 0.7086484375 0.787202216066482 0.063296875 0.1954016620498615
0 0.8243593750000001 0.7369252077562326 0.049125 0.1323545706371191
0 0.8054609375 0.6752770083102493 0.044109375000000006 0.15454293628808863
0 0.25132031250000003 0.17242382271468143 0.009171875000000001 0.024903047091412743
0 0.59721875 0.18831024930747925 0.01253125 0.026814404432132965
0 0.44317968750000003 0.5218282548476455 0.022671875 0.04354570637119114
0 0.8678359375 0.23722991689750692 0.012265625 0.026094182825484764
0 0.26398437500000005 0.5767867036011081 0.04000000000000001 0.1106371191135734
0 0.34659375000000003 0.5264819944598338 0.02034375 0.04199445983379502
0 0.16864843750000003 0.5877146814404431 0.031484375 0.08778393351800555
0 0.209984375 0.5631994459833795 0.02321875 0.05116343490304709
0 0.8355625 0.5828116343490304 0.0378125 0.11360110803324099
0 0.49921875000000004 0.4986149584487535 0.9984375000000001 0.997229916897507
