0 0.2279296875 0.41567058823529407 0.08907812500000001 0.29228235294117644
0 0.634078125 0.22855294117647054 0.14390624999999999 0.22345882352941174
0 0.6061093750000001 0.5257529411764705 0.03590625 0.1361647058823529
0 0.8938281250000002 0.5474235294117646 0.028000000000000004 0.14901176470588234
0 0.42553906249999995 0.40168235294117643 0.048140625 0.10708235294117646
0 0.53134375 0.5226235294117647 0.02528125 0.12068235294117646
0 0.14386718750000002 0.5077882352941177 0.036015625 0.11138823529411765
2 0.6521328125 0.5676470588235294 0.057890625 0.027952941176470587
2 0.5547890625 0.5668823529411764 0.039671875 0.05225882352941176
0 0.358765625 0.4590705882352941 0.11203125000000001 0.21527058823529407
