0 0.1576171875 0.4920430107526882 0.18360937500000002 0.8105376344086022
0 0.77009375 0.5430376344086022 0.39984375000000005 0.6855376344086023
0 0.5111953125 0.570215053763441 0.040828125 0.17559139784946237
0 0.942609375 0.5315322580645162 0.026718750000000003 0.23532258064516132
0 0.9809140625000001 0.5441397849462366 0.017453125 0.21827956989247313
0 0.9634218750000001 0.5320430107526882 0.0271875 0.2424731182795699
0 0.5869453125 0.48043010752688176 0.028265625000000003 0.2812903225806452
0 0.61203125 0.5192473118279571 0.0314375 0.3134408602150538
0 0.84846875 0.45954301075268816 0.029281249999999998 0.1774731182795699
0 0.9011484375000001 0.5298387096774194 0.026296874999999997 0.19397849462365593
0 0.6662109375 0.4397311827956989 0.020140625000000002 0.0981720430107527
0 0.6380000000000001 0.4453494623655914 0.02609375 0.19908602150537635
0 0.6243828125 0.48868279569892475 0.014453125 0.1920967741935484
0 0.51796875 0.5994623655913979 0.5265625 0.16666666666666669
