2 0.444359375 0.35772916666666665 0.053562500000000006 0.051250000000000004
2 0.21844531250000002 0.34498958333333335 0.047015625000000005 0.058770833333333335
0 0.28014062500000003 0.5349270833333333 0.13003125000000001 0.3909375
0 0.14484375000000002 0.38192708333333336 0.015375 0.057520833333333334
0 0.8636093750000001 0.34709375000000003 0.01684375 0.07572916666666667
0 0.528296875 0.3442395833333334 0.013281250000000001 0.04760416666666667
0 0.5864609375 0.35059375 0.017421875 0.04839583333333333
0 0.4855546875 0.3475833333333333 0.018484375 0.064375
0 0.09084375 0.44308333333333333 0.09040625000000001 0.32091666666666663
0 0.15580468749999998 0.3672916666666666 0.010421875 0.051583333333333335
0 0.33602343749999997 0.39726041666666667 0.07620312500000001 0.1423125
0 0.9077343750000001 0.36073958333333334 0.014374999999999999 0.05935416666666666
0 0.7938281250000001 0.6186979166666667 0.22403125000000002 0.7091041666666666
0 0.037914062500000005 0.34784375 0.010609375 0.0385625
0 0.43203125000000003 0.46249999999999997 0.2390625 0.2833333333333333
