0 0.54273 0.14342342342342343 0.16674 0.2812612612612613
0 0.22973 0.20045045045045046 0.0925 0.23279279279279277
0 0.75879 0.5325825825825825 0.29034 0.39549549549549545
0 0.40493 0.0509009009009009 0.07378 0.1018018018018018
0 0.6833499999999999 0.17106606606606609 0.10462 0.17096096096096094
0 0.49242 0.6988888888888889 0.21464 0.529069069069069
0 0.041780000000000005 0.17872372372372372 0.08356000000000001 0.33048048048048045
0 0.58388 0.18435435435435435 0.0456 0.11345345345345345
0 0.85433 0.12069069069069069 0.10898000000000001 0.24138138138138138
0 0.63488 0.13115615615615617 0.06204 0.2005705705705706
0 0.55275 0.18354354354354355 0.03966 0.12054054054054054
0 0.11991 0.1681231231231231 0.13590000000000002 0.33174174174174176
0 0.45209 0.19785285285285287 0.0489 0.18063063063063062
0 0.54 0.4894894894894895 0.916 0.978978978978979
