0 0.634890625 0.44979468599033817 0.061375000000000006 0.20833333333333331
0 0.9116015625 0.6472342995169081 0.104796875 0.32838164251207724
0 0.088734375 0.5356400966183574 0.08534375 0.40804347826086956
0 0.1272578125 0.43787439613526563 0.05510937500000001 0.1936231884057971
0 0.042125 0.5279951690821255 0.06440625 0.413719806763285
0 0.2860078125 0.47394927536231884 0.056734375000000004 0.10219806763285025
0 0.9411562500000001 0.5746256038647343 0.0921875 0.44152173913043474
0 0.9727578124999999 0.7683574879227053 0.054484375 0.2042512077294686
0 0.18440625 0.5906159420289855 0.11771875000000001 0.4327777777777777
0 0.7534609375000001 0.5655434782608695 0.10457812500000002 0.4746135265700483
0 0.01596875 0.5367512077294686 0.0319375 0.2991062801932367
