1 0.8760703125000001 0.8846979166666666 0.126078125 0.19827083333333334
1 0.8218046874999999 0.7109166666666666 0.074765625 0.22074999999999997
1 0.294359375 0.8741979166666667 0.1758125 0.23010416666666667
1 0.514328125 0.5886875 0.04046875 0.10362500000000001
1 0.038953125000000005 0.47093749999999995 0.0766875 0.09195833333333334
0 0.9188203125000002 0.6336979166666666 0.162359375 0.5168541666666666
0 0.19117968750000003 0.48252083333333334 0.056140625 0.23450000000000001
0 0.32353906250000003 0.7137291666666667 0.242734375 0.5725416666666666
0 0.133390625 0.38477083333333334 0.02128125 0.05420833333333333
0 0.5480546875 0.4922708333333334 0.080171875 0.20529166666666668
0 0.7975000000000001 0.44668749999999996 0.039375 0.09637499999999999
0 0.6716328125000001 0.6603020833333333 0.23426562500000003 0.6202291666666666
0 0.8472265625000001 0.4646145833333333 0.061953125 0.11485416666666667
0 0.7699218750000001 0.47492708333333333 0.061125 0.13064583333333332
0 0.5131875 0.4143541666666667 0.034875 0.06625
0 0.4573359375 0.40557291666666667 0.015953125000000002 0.07102083333333334
0 0.8295859375000001 0.42295833333333327 0.013234375000000001 0.06425
1 0.51015625 0.53353125 0.026562500000000003 0.08022916666666666
1 0.17921875 0.5609166666666667 0.029968750000000002 0.139875
1 0.476703125 0.45865625 0.03790625 0.07531249999999999
1 0.8071562500000001 0.5300729166666667 0.028000000000000004 0.10010416666666666
1 0.23164062500000002 0.5034062499999999 0.02634375 0.08835416666666666
0 0.523546875 0.4295625 0.0590625 0.07270833333333333
1 0.5946250000000001 0.6904374999999999 0.11225000000000002 0.23424999999999999
1 0.49375 0.7270833333333333 0.703125 0.5166666666666666
0 0.4703125 0.5875 0.940625 0.5541666666666667
