0 0.5265078125000001 0.5415729166666666 0.161234375 0.37806249999999997
0 0.6775 0.32608333333333334 0.03950000000000001 0.13204166666666667
0 0.6385937500000001 0.3236458333333333 0.02740625 0.13245833333333332
0 0.5929218749999999 0.30326041666666664 0.0344375 0.13060416666666666
0 0.3075625 0.27678125000000003 0.04378125 0.08927083333333334
0 0.341890625 0.2825625 0.043437500000000004 0.08983333333333332
0 0.3753515625 0.3028645833333333 0.048640625 0.05297916666666667
0 0.7964531250000001 0.317 0.0425625 0.11345833333333333
0 0.6572968750000001 0.3279375 0.01596875 0.11520833333333333
0 0.14232031250000002 0.28528125 0.024703125000000003 0.1054375
0 0.26742187500000003 0.2853645833333333 0.028312500000000004 0.07127083333333334
