0 0.30359375000000005 0.7198541666666667 0.01628125 0.07024999999999999
0 0.709359375 0.7353333333333334 0.0245 0.09025
0 0.5560937499999999 0.7292395833333334 0.025 0.08360416666666667
0 0.45936718750000005 0.7232604166666666 0.034578125 0.07972916666666667
2 0.8669296875000001 0.7185208333333333 0.07420312500000001 0.025208333333333333
2 0.11066406250000001 0.6870416666666668 0.024671875 0.022833333333333334
2 0.705734375 0.7096874999999999 0.06959375 0.03358333333333333
4 0.6614921875 0.6832916666666667 0.09857812500000002 0.04683333333333333
4 0.3389140625 0.6721666666666668 0.084953125 0.041291666666666664
4 0.44157031250000006 0.67434375 0.119265625 0.0466875
4 0.533859375 0.6765416666666667 0.07578125000000001 0.049708333333333334
0 0.41925 0.7232708333333333 0.02075 0.07645833333333334
0 0.4284296875 0.7164375 0.012984375000000001 0.06454166666666666
0 0.4374296875 0.7398854166666666 0.009953125 0.042145833333333334
0 0.158203125 0.69215625 0.00871875 0.043812500000000004
0 0.4797421875 0.7364270833333334 0.017421875 0.06293750000000001
0 0.576390625 0.7002708333333333 0.00790625 0.02704166666666667
0 0.9460468750000001 0.7051979166666665 0.0073124999999999996 0.0235625
2 0.63828125 0.7060208333333333 0.045250000000000005 0.03258333333333333
2 0.0766484375 0.6776874999999999 0.033296875 0.024041666666666666
