3 0.6644296875 0.6792916666666666 0.15435937500000002 0.32437499999999997
0 0.3328125 0.5545104166666666 0.1194375 0.34572916666666664
0 0.280921875 0.50328125 0.060875000000000005 0.27247916666666666
0 0.4538437500000001 0.5041354166666666 0.08684375 0.32227083333333334
0 0.5652343750000001 0.49629166666666663 0.07784375 0.2798333333333333
0 0.16614062500000001 0.529875 0.09678125 0.37229166666666663
0 0.5161640625 0.47815624999999995 0.059984375000000006 0.23064583333333333
0 0.7011484375000001 0.5716145833333334 0.170828125 0.41864583333333333
0 0.95071875 0.5291458333333333 0.0985625 0.4670833333333333
0 0.7900390625 0.48403124999999997 0.056484375 0.23639583333333333
0 0.8321874999999999 0.4439583333333334 0.03690625 0.1545
0 0.72278125 0.4298958333333333 0.03465625 0.09704166666666666
2 0.0803515625 0.43096874999999996 0.047296875 0.029729166666666664
2 0.1005859375 0.4157708333333333 0.022171875 0.016583333333333332
0 0.37664843750000004 0.39825 0.044296875000000006 0.06795833333333333
0 0.609453125 0.43473958333333335 0.0271875 0.08822916666666666
