0 0.9699453125 0.5421194379391101 0.058390625 0.7834894613583139
0 0.3198046875 0.5946487119437939 0.070859375 0.592248243559719
0 0.38317968750000003 0.622072599531616 0.098421875 0.5976814988290399
0 0.6095468749999999 0.6277049180327869 0.17193750000000002 0.713208430913349
0 0.8154140625 0.5363348946135831 0.10570312500000001 0.6498594847775175
0 0.87484375 0.5737822014051522 0.1184375 0.6539344262295083
0 0.9513515625000001 0.3634192037470726 0.035890625 0.19559718969555034
0 0.29588281250000004 0.33778688524590167 0.040984375 0.13037470725995318
0 0.095953125 0.570784543325527 0.1289375 0.6112177985948478
0 0.7223515625000001 0.6150468384074942 0.103546875 0.707751756440281
0 0.2128984375 0.5943793911007026 0.149921875 0.667400468384075
0 0.7931250000000001 0.6049297423887589 0.08096875 0.6539344262295083
0 0.44190625 0.6298711943793912 0.19062500000000002 0.7091100702576113
0 0.5476562500000001 0.39227166276346603 0.8234375 0.25995316159250587
