0 0.294046875 0.7947523584905659 0.06775 0.25775943396226414
0 0.07484375000000001 0.8091509433962265 0.0874375 0.3288679245283019
0 0.405671875 0.733502358490566 0.0269375 0.11615566037735849
0 0.23714843750000003 0.7371108490566036 0.03307812500000001 0.12544811320754715
0 0.254640625 0.703561320754717 0.021 0.10108490566037735
0 0.32746875000000003 0.7335849056603774 0.025687500000000002 0.13386792452830187
0 0.2002890625 0.7624174528301886 0.049359375000000004 0.21224056603773583
0 0.38912500000000005 0.691308962264151 0.01675 0.04606132075471698
0 0.38599218750000003 0.6818985849056604 0.008078125 0.02643867924528302
0 0.3602578125 0.4926533018867924 0.043453125 0.09950471698113207
0 0.3623984375 0.7884787735849056 0.06142187500000001 0.2543632075471698
