2 0.341924882629108 0.33219531250000006 0.36333333333333334 0.214515625
2 0.9526056338028169 0.20949218749999998 0.0947887323943662 0.19367187500000002
0 0.5118544600938968 0.537375 0.4755868544600939 0.6677500000000001
0 0.32244131455399067 0.548390625 0.30652582159624414 0.6472500000000001
2 0.2634741784037559 0.0829140625 0.1455868544600939 0.067921875
2 0.2835211267605634 0.2647109375 0.31366197183098593 0.146953125
2 0.42992957746478877 0.117578125 0.09539906103286386 0.0735
2 0.2567018779342723 0.04225 0.1329342723004695 0.044250000000000005
0 0.9801643192488263 0.0907109375 0.039671361502347416 0.044453125
2 0.017077464788732396 0.030953124999999998 0.03415492957746479 0.047968750000000004
2 0.3502582159624413 0.09994531250000001 0.12610328638497653 0.06901562500000001
6 0.5363732394366197 0.12525 0.2009154929577465 0.097875
