0 0.5292500000000001 0.5786533957845432 0.26987500000000003 0.5865339578454333
0 0.693484375 0.4526346604215456 0.1085625 0.2922014051522248
0 0.7673125000000001 0.4839110070257611 0.106375 0.2657611241217799
0 0.8482421875 0.4888290398126464 0.11485937500000001 0.23475409836065572
0 0.9664921875000001 0.21536299765807965 0.06701562500000001 0.08594847775175644
0 0.83946875 0.6653395784543326 0.24603125000000003 0.38637002341920373
0 0.20827343750000005 0.46628805620608904 0.055421875 0.14644028103044496
0 0.139765625 0.42187353629976576 0.11959375000000001 0.23962529274004682
0 0.0248828125 0.4131381733021077 0.049421875000000004 0.21718969555035128
0 0.6081875000000001 0.46647540983606556 0.09509375 0.23871194379391103
0 0.9528359375 0.43346604215456674 0.094328125 0.12426229508196722
0 0.979125 0.7675526932084309 0.04175 0.22372365339578454
0 0.8396796875 0.1942622950819672 0.071109375 0.11372365339578455
0 0.41796875 0.15690866510538642 0.7890625 0.18266978922716628
