0 0.6958046875 0.6022429906542055 0.09317187500000002 0.2202336448598131
0 0.2805 0.5618341121495327 0.014812500000000001 0.02894859813084112
0 0.48390625 0.7370794392523363 0.18034375000000002 0.37303738317757007
0 0.6315703125000001 0.5379672897196262 0.026765625 0.11299065420560747
0 0.35890625000000004 0.5341822429906542 0.022906250000000003 0.04308411214953271
0 0.5721328124999999 0.5512850467289719 0.025671875 0.11336448598130841
0 0.08828906250000002 0.6186915887850467 0.07101562500000001 0.19004672897196262
0 0.6621718750000001 0.0451518691588785 0.055406250000000004 0.08478971962616821
0 0.39212500000000006 0.1323130841121495 0.034749999999999996 0.0675233644859813
0 0.3335 0.1651518691588785 0.022000000000000002 0.0380607476635514
0 0.26478124999999997 0.5518691588785046 0.0200625 0.042710280373831774
6 0.25013281249999997 0.5293107476635514 0.069953125 0.044462616822429905
0 0.33601562500000004 0.53053738317757 0.01953125 0.05126168224299065
0 0.43763281249999997 0.12922897196261682 0.033578125 0.043317757009345786
0 0.41718750000000004 0.2955607476635514 0.8031250000000001 0.5911214953271028
