0 0.785796875 0.7820224719101124 0.11240625 0.18319101123595508
0 0.21894531250000002 0.5086516853932586 0.099109375 0.1950112359550562
0 0.388421875 0.588876404494382 0.06375 0.33451685393258435
0 0.7655859375 0.5441123595505618 0.030140625 0.12292134831460676
0 0.6859921875000001 0.5731910112359551 0.057984375000000005 0.31721348314606745
0 0.1612734375 0.5979101123595506 0.055015625000000005 0.3028764044943821
0 0.29484375 0.5422584269662922 0.06903125 0.40110112359550565
0 0.457046875 0.45864044943820226 0.06484375 0.08343820224719102
0 0.50178125 0.46055056179775283 0.05625 0.10119101123595507
0 0.719015625 0.7205393258426966 0.10834375000000002 0.14723595505617978
0 0.0971796875 0.8662921348314607 0.049578125 0.20552808988764046
0 0.0490859375 0.8606516853932585 0.096953125 0.27316853932584273
0 0.10800000000000001 0.5960561797752809 0.0698125 0.3032584269662921
0 0.5007812500000001 0.70561797752809 0.9953125 0.5842696629213484
