2 0.8827464788732395 0.3811171875 0.11737089201877934 0.046390625000000005
2 0.7809507042253522 0.3552578125 0.08537558685446009 0.027859375
2 0.8937206572769952 0.35959375 0.0902112676056338 0.030187500000000003
2 0.7013380281690141 0.3401484375 0.0503755868544601 0.030484375000000005
0 0.5290727699530517 0.6067656250000001 0.05438967136150235 0.1243125
0 0.41706572769953054 0.35140625000000003 0.014647887323943664 0.03425
0 0.878169014084507 0.6157812500000001 0.08018779342723004 0.11478125
0 0.640669014084507 0.58084375 0.0642018779342723 0.09050000000000001
0 0.5830046948356807 0.5365234375 0.05253521126760563 0.10382812500000001
0 0.42956572769953055 0.4893203125000001 0.04988262910798122 0.047265625000000006
0 0.6940492957746478 0.378671875 0.022136150234741785 0.04756250000000001
0 0.41995305164319247 0.604890625 0.0775117370892019 0.13368750000000001
0 0.6561032863849765 0.7524296875 0.0895774647887324 0.135328125
0 0.239424882629108 0.6813828125 0.07481220657276996 0.132453125
0 0.3829694835680751 0.408671875 0.03715962441314554 0.03590625
2 0.49465962441314554 0.30049218750000006 0.026455399061032864 0.014703125000000001
2 0.8162910798122066 0.346078125 0.07784037558685446 0.031
6 0.7230751173708921 0.32064843750000005 0.07028169014084508 0.058484375000000005
6 0.9695539906103288 0.357375 0.06089201877934273 0.08006250000000001
0 0.7449999999999999 0.5433203125 0.06028169014084507 0.10635937499999999
1 0.6508098591549296 0.3906171875 0.07194835680751173 0.026765625
2 0.9881455399061033 0.41396875 0.023708920187793428 0.0338125
2 0.875293427230047 0.3402421875 0.05988262910798123 0.017578125
2 0.07131455399061033 0.4338359375 0.14009389671361502 0.09323437500000001
0 0.7761150234741784 0.6434921875000001 0.07546948356807512 0.116734375
2 0.5650000000000001 0.3300625 0.042535211267605635 0.02765625
0 0.3744131455399061 0.45859375 0.6596244131455399 0.35468750000000004
