0 0.670546875 0.611 0.17600000000000002 0.186
0 0.429890625 0.43659375 0.0365625 0.06164583333333333
0 0.42767968749999996 0.37420833333333337 0.030734375000000005 0.06666666666666667
0 0.9910156250000001 0.5109583333333333 0.017968750000000002 0.05366666666666667
0 0.40768750000000004 0.3017395833333333 0.017593750000000002 0.050562499999999996
0 0.20595312500000001 0.22815625 0.02090625 0.034354166666666665
0 0.32759375 0.3857916666666667 0.03440625 0.06441666666666666
0 0.2276640625 0.44608333333333333 0.048390625 0.050333333333333334
0 0.5185546875 0.5651770833333334 0.21585937500000002 0.2884791666666667
0 0.9456171875000001 0.45554166666666673 0.049984375 0.07870833333333334
0 0.326359375 0.44673958333333336 0.045812500000000006 0.050104166666666665
0 0.6992109375000001 0.4861458333333334 0.037046875 0.04591666666666666
0 0.8002109375 0.5786458333333333 0.15982812500000002 0.27445833333333336
0 0.5 0.3229166666666667 0.9968750000000001 0.6458333333333334
