2 0.6567500000000001 0.2873541666666667 0.0160625 0.015333333333333334
2 0.6267343750000001 0.2991666666666667 0.014812500000000001 0.015041666666666667
2 0.7033281250000001 0.27234375000000005 0.014531250000000002 0.010229166666666668
2 0.17717187499999998 0.4323333333333333 0.0213125 0.01475
2 0.3509453125 0.38938541666666665 0.018109375 0.015979166666666666
2 0.146953125 0.42890625 0.0196875 0.018229166666666668
2 0.7412578125000001 0.26371875 0.014984375000000001 0.0129375
2 0.683484375 0.28123958333333327 0.01540625 0.014895833333333334
2 0.8594609375000002 0.22382291666666668 0.013515625000000002 0.018395833333333333
2 0.538953125 0.32035416666666666 0.01553125 0.011458333333333333
2 0.41470312500000006 0.3573020833333333 0.017937500000000002 0.015729166666666666
2 0.48753124999999997 0.334625 0.0174375 0.014708333333333332
2 0.6835546875 0.27151041666666664 0.014703125000000001 0.014104166666666666
2 0.8406250000000001 0.23333333333333334 0.15937500000000002 0.06666666666666667
