0 0.7687187500000001 0.6036084905660377 0.047093750000000004 0.15754716981132075
0 0.5888281249999999 0.6159198113207547 0.0428125 0.12174528301886792
0 0.7274140625000001 0.6017688679245283 0.061328125000000004 0.10518867924528302
0 0.574109375 0.5517216981132076 0.06003125000000001 0.11183962264150943
0 0.7147578125 0.5748702830188679 0.031390625 0.06087264150943396
0 0.6930000000000001 0.5560377358490566 0.029375000000000002 0.09627358490566038
0 0.015351562499999999 0.6916391509433962 0.030703124999999998 0.296438679245283
0 0.6841171875000001 0.5850589622641509 0.023484375000000002 0.06275943396226415
0 0.7970468749999999 0.6467806603773585 0.03696875 0.11101415094339623
0 0.63784375 0.5893632075471699 0.062468749999999997 0.1318867924528302
0 0.6625859375 0.5709080188679245 0.024578125000000003 0.05497641509433962
