0 0.65296875 0.6300468384074941 0.56396875 0.7040281030444965
0 0.758578125 0.5952927400468384 0.13971875 0.22430913348946135
0 0.3698671875 0.850585480093677 0.11998437500000002 0.2908665105386417
0 0.06671875000000001 0.8629156908665107 0.1304375 0.2516861826697892
0 0.501046875 0.6320140515222482 0.08134375 0.20398126463700234
0 0.32175 0.7614168618266979 0.09921875000000001 0.44765807962529275
0 0.1068046875 0.7177517564402811 0.157921875 0.4081030444964871
0 0.426015625 0.7113817330210772 0.0884375 0.14716627634660423
0 0.8752578125 0.7687353629976581 0.12501562500000002 0.4122248243559719
0 0.40937500000000004 0.6222248243559719 0.13343750000000001 0.23208430913348946
