0 0.264625 0.7373221757322175 0.01709375 0.07757322175732216
0 0.2166640625 0.7442050209205021 0.019671875000000002 0.02535564853556485
0 0.19194531250000002 0.7482531380753137 0.008390625 0.01705020920502092
0 0.7221875 0.7265585774058577 0.2674375 0.07922594142259413
0 0.9675625000000001 0.7067887029288703 0.0195625 0.07081589958158996
0 0.22914843750000002 0.7372384937238494 0.021765625 0.0707949790794979
0 0.30500000000000005 0.7086401673640167 0.01665625 0.02924686192468619
0 0.5582656250000001 0.7122280334728033 0.014031250000000002 0.050648535564853554
0 0.4770546875 0.7144142259414226 0.012171875 0.05196652719665271
0 0.45446875000000003 0.7150836820083681 0.014875 0.044769874476987444
0 0.2914609375 0.7132740585774058 0.011890625000000002 0.04165271966527196
0 0.4193671875 0.7230230125523011 0.018953125 0.06391213389121339
0 0.980453125 0.7083263598326359 0.0235 0.07661087866108786
0 0.49921875000000004 0.6255230125523012 0.9953125 0.29707112970711297
