0 0.81272 0.5097147147147147 0.11023999999999999 0.46207207207207207
0 0.95825 0.6509159159159159 0.0835 0.6734234234234234
0 0.29816 0.5028528528528529 0.0888 0.3064264264264264
0 0.5193300000000001 0.5172822822822822 0.10478 0.24495495495495492
0 0.54188 0.4009309309309309 0.061880000000000004 0.1431231231231231
0 0.34500000000000003 0.4851351351351352 0.057 0.2497297297297297
0 0.37795999999999996 0.4268918918918919 0.03604 0.12873873873873873
0 0.7440300000000001 0.4445645645645646 0.06914000000000001 0.24492492492492493
0 0.7018300000000001 0.4145645645645646 0.04094 0.13675675675675675
0 0.59136 0.46693693693693694 0.05516 0.18
0 0.46451 0.4578528528528529 0.03518 0.1537837837837838
0 0.42631 0.4432132132132132 0.04778 0.16372372372372374
0 0.65692 0.5529579579579579 0.09124 0.42849849849849847
0 0.432 0.466966966966967 0.632 0.26726726726726724
