6 0.304592050209205 0.366875 0.5993933054393304 0.5560937499999999
0 0.5566213389121338 0.57415625 0.258765690376569 0.209
0 0.5937133891213389 0.3875546875 0.13131799163179916 0.20457812500000003
0 0.8189435146443514 0.3846015625 0.11889121338912133 0.096828125
0 0.8941108786610877 0.38808593750000003 0.047803347280334724 0.092015625
0 0.9585983263598327 0.44265625000000003 0.08280334728033471 0.0773125
0 0.8496966527196651 0.46207812500000006 0.08219665271966527 0.041375
0 0.6642259414225941 0.3930390625 0.05564853556485355 0.101953125
0 0.79168410041841 0.3732265625 0.06985355648535564 0.12379687500000001
0 0.08095188284518828 0.6771875 0.16190376569037657 0.153125
0 0.718828451882845 0.38534375000000004 0.06338912133891213 0.099875
