0 0.914296875 0.5822093023255814 0.1325625 0.7680232558139535
0 0.7310156250000001 0.5942248062015504 0.17571875 0.7421705426356588
0 0.5863828125 0.6122093023255814 0.141171875 0.6792635658914729
0 0.3487734375 0.6168507751937984 0.182984375 0.6764147286821705
0 0.5015625 0.32361434108527126 0.04096875 0.07377906976744186
0 0.8280234375000002 0.6099224806201551 0.135578125 0.6864341085271317
0 0.5467265625000001 0.309234496124031 0.055578125000000006 0.12133720930232558
0 0.6751562500000001 0.387703488372093 0.04328125 0.22893410852713178
0 0.95934375 0.5539341085271319 0.05978125 0.8112403100775194
0 0.45646875 0.5878488372093023 0.15309375000000003 0.7091085271317829
0 0.6369921875000001 0.29643410852713176 0.038890625000000005 0.07089147286821705
