0 0.5159021739130435 0.5234375 0.2862826086956522 0.33437500000000003
0 0.5593478260869565 0.6362656250000001 0.8303913043478262 0.6846875
0 0.7234782608695652 0.37865624999999997 0.1815217391304348 0.384
0 0.4324347826086956 0.5221015625 0.19904347826086957 0.248265625
0 0.4935760869565217 0.3783828125 0.08293478260869565 0.120640625
0 0.42677173913043476 0.40786718749999995 0.09067391304347826 0.213484375
0 0.3414673913043478 0.4733046875 0.1322391304347826 0.299828125
0 0.14838043478260868 0.47128125000000004 0.23297826086956522 0.5251875
0 0.2445326086956522 0.4638359375000001 0.12684782608695652 0.365390625
0 0.006076086956521739 0.43146093750000003 0.012152173913043478 0.10232812499999999
