0 0.4616640625000001 0.40178336980306345 0.143765625 0.5436105032822757
0 0.359828125 0.3515973741794311 0.06234375 0.27811816192560174
0 0.6714453125000001 0.4909956236323851 0.233203125 0.6779212253829321
0 0.7397343749999999 0.5078665207877462 0.4878125 0.8044857768052516
0 0.3144218750000001 0.37920131291028447 0.08962500000000001 0.4308752735229759
0 0.21204687500000002 0.37185995623632384 0.10496875000000001 0.3547045951859956
0 0.12714843750000002 0.34512035010940917 0.064578125 0.2645514223194748
0 0.8999062499999999 0.26770240700218817 0.050093750000000006 0.06463894967177243
0 0.9878828125000001 0.44396061269146603 0.024234375000000002 0.2148796498905908
0 0.9383671874999999 0.3460393873085339 0.10248437500000002 0.27763676148796496
0 0.08004687500000002 0.31896061269146603 0.054875 0.24142231947483586
0 0.034023437499999996 0.3096498905908096 0.065359375 0.28393873085339166
0 0.5554375 0.32945295404814 0.12187500000000001 0.5838074398249453
0 0.49921875000000004 0.362144420131291 0.9984375000000001 0.31291028446389496
