0 0.603796875 0.9123676880222842 0.16134375 0.10785515320334262
0 0.46971093750000004 0.8366295264623956 0.022453125 0.13682451253481895
0 0.348671875 0.9618941504178273 0.0474375 0.0762116991643454
0 0.7187578125000001 0.7775348189415041 0.037015625 0.14771587743732592
0 0.7649453125000001 0.7731058495821728 0.032953125 0.13100278551532032
0 0.9047578125000002 0.9199999999999999 0.12010937500000002 0.16
0 0.8292421875000001 0.767966573816156 0.04220312500000001 0.16590529247910865
0 0.7875859374999999 0.7870612813370473 0.020203125000000002 0.1118941504178273
0 0.86484375 0.7402089136490251 0.023375000000000003 0.0862116991643454
0 0.3024765625 0.9136768802228413 0.06917187500000001 0.14573816155988858
0 0.532046875 0.8384540389972145 0.02684375 0.11384401114206127
1 0.25620312500000003 0.9257103064066852 0.032531250000000005 0.06896935933147633
2 0.0513828125 0.8794428969359332 0.098828125 0.11487465181058497
0 0.5571953125000001 0.8626880222841226 0.022171875 0.06682451253481894
2 0.3569609375 0.8623398328690808 0.020390625000000002 0.06233983286908078
0 0.553921875 0.8781197771587744 0.0996875 0.13167130919220058
0 0.53515625 0.8440111420612814 0.8859375 0.28969359331476324
