2 0.36653125 0.9339453125000001 0.026479166666666668 0.013140625000000001
2 0.18642708333333333 0.9436796875000001 0.04114583333333333 0.021015625
2 0.045947916666666665 0.9530859375 0.06364583333333333 0.032015625
2 0.01203125 0.9547734375000001 0.0231875 0.035109375
0 0.19125 0.9484921875 0.02075 0.048609375
0 0.3867395833333333 0.9463046875000001 0.03335416666666667 0.048828125
2 0.10380208333333334 0.9487187499999999 0.06152083333333334 0.029406250000000002
2 0.3362395833333333 0.9354140625 0.03389583333333333 0.017609375
2 0.15028124999999998 0.9448124999999999 0.04889583333333333 0.02859375
2 0.44873958333333336 0.9286250000000001 0.012479166666666666 0.008843750000000001
