0 0.8462109375 0.35393442622950816 0.13373437500000002 0.21798594847775174
0 0.92075 0.4237470725995316 0.1585 0.35348946135831383
0 0.9272734374999999 0.24669789227166278 0.038765625 0.10707259953161592
0 0.5487265625000001 0.4045433255269321 0.097203125 0.20346604215456673
0 0.2735390625 0.6054215456674473 0.242453125 0.6475644028103045
0 0.09362500000000001 0.48446135831381737 0.18725000000000003 0.45463700234192034
0 0.05310937500000001 0.36487119437939114 0.10543750000000002 0.2548946135831382
0 0.6455000000000001 0.3805620608899297 0.09703125000000001 0.18641686182669787
0 0.586109375 0.3467330210772834 0.0898125 0.1685480093676815
0 0.4025937500000001 0.3414168618266979 0.15990625000000003 0.16981264637002344
0 0.6524531250000001 0.22217798594847776 0.03871875 0.07704918032786885
0 0.228953125 0.25901639344262295 0.05028125 0.0502576112412178
0 0.296234375 0.24196721311475408 0.0568125 0.0785480093676815
0 0.49296875 0.572599531615925 0.8578125000000001 0.7892271662763466
