0 0.6073125 0.5794374999999999 0.23593750000000002 0.6106666666666667
0 0.21238281250000002 0.0910625 0.105515625 0.182125
0 0.1254375 0.09441666666666666 0.10721875000000002 0.18883333333333333
0 0.38175000000000003 0.03958333333333333 0.064875 0.07916666666666666
0 0.40039843750000004 0.033427083333333336 0.035453125 0.06685416666666667
0 0.5076328125000001 0.062302083333333334 0.076296875 0.12460416666666667
0 0.5568046875 0.05911458333333333 0.065078125 0.11822916666666666
0 0.59384375 0.03709375 0.02890625 0.06227083333333333
0 0.23489843750000003 0.04778125 0.054484375 0.09043749999999999
0 0.32897656250000007 0.04430208333333333 0.059140625 0.08860416666666666
0 0.439734375 0.039760416666666666 0.07915625 0.07952083333333333
0 0.460765625 0.03240625 0.028562500000000005 0.0648125
0 0.7488125000000001 0.05105208333333333 0.0710625 0.1010625
