6 0.6119375 0.59728125 0.0778125 0.1024375
6 0.4145625 0.58984375 0.095375 0.10660416666666667
0 0.06820312500000002 0.24864583333333332 0.018687500000000003 0.04908333333333333
0 0.00646875 0.09116666666666667 0.0129375 0.07570833333333334
3 0.5314296875000001 0.44848958333333333 0.082390625 0.07002083333333334
3 0.6275078125000001 0.45229166666666665 0.076296875 0.06554166666666666
3 0.42803125000000003 0.4503229166666667 0.09406250000000001 0.06222916666666667
6 0.7105312500000001 0.4614479166666667 0.0845 0.10822916666666667
6 0.5145156249999999 0.5928125 0.08737500000000001 0.10625
6 0.6859453125 0.6005416666666666 0.077921875 0.10841666666666666
6 0.790921875 0.4609479166666666 0.08609375000000001 0.11735416666666666
6 0.563109375 0.4681666666666667 0.08515625 0.12575
6 0.6387968750000002 0.4663541666666666 0.08781250000000002 0.12516666666666665
6 0.5386484375 0.6024479166666666 0.6083906250000001 0.21814583333333332
6 0.42289062499999996 0.4617708333333333 0.09653125000000001 0.12570833333333334
6 0.49144531250000006 0.4626875 0.087078125 0.12420833333333332
2 0.784734375 0.6025833333333334 0.0771875 0.10654166666666666
6 0.328328125 0.4538125 0.12725 0.118625
0 0.08792968750000002 0.22513541666666667 0.016984375 0.036229166666666666
3 0.46534375 0.5970937499999999 0.03259375 0.09464583333333333
3 0.7459062500000001 0.6051979166666667 0.02784375 0.11647916666666666
6 0.12894531250000002 0.5333958333333333 0.25420312500000003 0.2905
