0 0.4170390625 0.32548828125 0.586546875 0.6509765625
0 0.5071875 0.68314453125 0.985625 0.467421875
2 0.6955546875 0.375029296875 0.194859375 0.10857421875
0 0.24597656250000002 0.47552734374999994 0.051828125 0.16328125
0 0.107765625 0.42216796875 0.03684375 0.114765625
2 0.0509140625 0.3579296875 0.101828125 0.075703125
2 0.9191093750000001 0.370478515625 0.16178125000000002 0.13181640625
2 0.6002500000000001 0.36137695312499996 0.12734375 0.11564453125
2 0.19696875000000003 0.353525390625 0.0739375 0.10638671875
2 0.1163828125 0.352236328125 0.075390625 0.08396484375
