0 0.20003125000000002 0.7154895833333335 0.033375 0.13422916666666668
0 0.168578125 0.7440833333333334 0.03371875 0.15929166666666666
0 0.7196562500000001 0.5613125 0.021781250000000002 0.08583333333333334
0 0.7296171875 0.6361041666666666 0.029359375 0.101875
0 0.8562265624999998 0.6626770833333333 0.025546875000000004 0.12814583333333332
0 0.8069687500000001 0.6679270833333334 0.02809375 0.12347916666666667
0 0.8873984374999999 0.6589375000000001 0.035328125 0.13874999999999998
0 0.685390625 0.57646875 0.015437500000000002 0.06985416666666666
0 0.8307578125000001 0.6724791666666666 0.021296875000000003 0.12608333333333333
0 0.7548046875000001 0.6416041666666666 0.028453125000000003 0.10320833333333333
0 0.1211796875 0.6591770833333334 0.015984375000000002 0.09060416666666667
0 0.16871093750000002 0.6580625 0.011953125000000002 0.021166666666666667
0 0.6485625 0.64165625 0.044187500000000005 0.05577083333333333
