0 0.7870781250000001 0.8325833333333333 0.28653125 0.303375
0 0.4119453125 0.61090625 0.07782812500000001 0.16839583333333333
0 0.8606718750000001 0.6662916666666666 0.27865625 0.591
0 0.5003828125 0.5815 0.04901562500000001 0.09404166666666666
0 0.4870234375 0.6393645833333332 0.126765625 0.11414583333333334
0 0.5532890625000001 0.5586979166666667 0.045328125000000004 0.1368125
0 0.49108593750000007 0.5583958333333333 0.05695312500000001 0.0605
0 0.38027343750000003 0.5208125 0.024265625 0.042166666666666665
0 0.3569140625 0.5229479166666667 0.025078125000000003 0.050895833333333335
0 0.3895234375 0.5418749999999999 0.037703125000000004 0.047125
0 0.30571875000000004 0.5088125 0.00853125 0.023791666666666666
0 0.025734375 0.6606770833333333 0.0494375 0.22647916666666665
0 0.40434375000000006 0.5137604166666666 0.023250000000000003 0.033979166666666664
