0 0.63307962529274 0.5500625 0.27192037470725994 0.34484375
0 0.8166276346604215 0.21962500000000001 0.12098360655737704 0.04484375
0 0.9534894613583138 0.18524218750000002 0.06103044496487119 0.081421875
0 0.8461826697892272 0.10446093750000002 0.08252927400468385 0.08882812500000001
0 0.8430444964871194 0.1433046875 0.0663231850117096 0.07392187500000001
0 0.6953278688524589 0.180765625 0.10217798594847775 0.0891875
0 0.7080679156908666 0.21325781250000003 0.09266978922716627 0.059828125
0 0.5388290398126463 0.213328125 0.12243559718969556 0.061375000000000006
0 0.8873302107728337 0.1988828125 0.09170960187353629 0.051359375
0 0.4284777517564403 0.21546875000000001 0.09072599531615926 0.0538125
0 0.7829625292740047 0.18434375000000003 0.06587822014051523 0.07587500000000001
0 0.7729508196721312 0.13902343749999999 0.08665105386416862 0.08373437500000001
0 0.9675409836065574 0.20746875 0.06491803278688524 0.062
0 0.5 0.146875 0.9953161592505855 0.275
