3 0.6599453551912569 0.7705781250000001 0.17978142076502732 0.21150000000000002
3 0.4999590163934426 0.5122109375 0.0942896174863388 0.144109375
3 0.5257513661202186 0.8793515625 0.2874590163934426 0.12726562500000002
3 0.3993169398907104 0.4137890625 0.07825136612021857 0.085484375
3 0.5235792349726776 0.495140625 0.0560655737704918 0.01840625
4 0.7426775956284153 0.2320234375 0.28295081967213115 0.15279687500000003
0 0.6431147540983606 0.6306796875 0.2745355191256831 0.21035937500000002
0 0.6628005464480874 0.599046875 0.30423497267759564 0.2321875
0 0.6104781420765027 0.4976015625 0.22407103825136612 0.13498437500000002
0 0.48206284153005463 0.4405703125 0.1287704918032787 0.173203125
0 0.5304918032786885 0.7460703125000001 0.25934426229508195 0.166296875
0 0.4031967213114754 0.403828125 0.10655737704918032 0.16828125000000002
0 0.21101092896174864 0.4361328125 0.11524590163934426 0.091421875
0 0.14064207650273225 0.45001562500000003 0.14860655737704917 0.066875
0 0.3247540983606557 0.3623515625 0.10092896174863387 0.08795312500000001
2 0.20147540983606557 0.6872734375 0.40295081967213114 0.198796875
0 0.5524863387978142 0.44780468749999996 0.13289617486338798 0.12292187500000001
0 0.2825136612021858 0.29142968750000003 0.05191256830601093 0.045578125000000004
0 0.40077868852459014 0.28703906250000005 0.041612021857923495 0.033890625
2 0.17280054644808743 0.5929375 0.34560109289617486 0.1270625
2 0.18771857923497268 0.57334375 0.370792349726776 0.18471875000000001
2 0.04357923497267759 0.46132812500000003 0.08715846994535519 0.04590625
2 0.7840573770491802 0.451703125 0.2680054644808743 0.1785
2 0.8534699453551913 0.48080468750000005 0.13142076502732242 0.203734375
2 0.5859426229508197 0.34217968750000005 0.21456284153005464 0.088484375
2 0.9291120218579235 0.46023437500000003 0.14177595628415302 0.32459375
2 0.4058333333333333 0.312875 0.14724043715846993 0.018718750000000003
2 0.11825136612021858 0.3922265625 0.23650273224043716 0.045546875
2 0.7242349726775956 0.41288281250000003 0.22704918032786883 0.137015625
2 0.11647540983606558 0.34190625 0.23295081967213116 0.08031250000000001
3 0.3311748633879782 0.4133359375000001 0.0760655737704918 0.09964062500000001
3 0.7423224043715847 0.614953125 0.07530054644808742 0.035875000000000004
3 0.34192622950819673 0.5720234375000001 0.14281420765027322 0.160140625
0 0.5059562841530055 0.3594453125 0.08530054644808743 0.068203125
2 0.9519262295081966 0.680515625 0.09614754098360655 0.3065
0 0.5573770491803278 0.33984375 0.819672131147541 0.31093750000000003
2 0.49863387978142076 0.50625 0.9972677595628415 0.9437500000000001
