3 0.7081875000000001 0.7263493723849371 0.2523125 0.30629707112970705
3 0.589359375 0.6470188284518827 0.2405625 0.22428870292887026
0 0.16596093750000002 0.6144560669456066 0.224515625 0.7706694560669455
0 0.7598984375 0.4725836820083682 0.153578125 0.2668410041841004
0 0.6038828125 0.6335041841004183 0.139921875 0.6443305439330543
0 0.2954453125 0.5002301255230125 0.060953125 0.3602928870292887
0 0.5639296875 0.5596861924686192 0.107421875 0.5710460251046025
0 0.8960468750000001 0.4475941422594142 0.13275 0.20920502092050208
0 0.38434375 0.49438284518828446 0.0705 0.26069037656903765
0 0.49011718750000005 0.41782426778242676 0.047046875 0.10857740585774057
0 0.6709609375000001 0.4432217573221757 0.025359375000000003 0.10518828451882845
0 0.402171875 0.46556485355648536 0.02871875 0.253347280334728
0 0.3756640625 0.4719037656903765 0.066234375 0.2799581589958159
2 0.10614062500000002 0.40807531380753137 0.055031250000000004 0.05326359832635983
2 0.0154453125 0.38348326359832635 0.029328125 0.0450836820083682
2 0.030687500000000003 0.3800523012552301 0.0161875 0.02039748953974895
2 0.09743750000000001 0.38116108786610875 0.02321875 0.01914225941422594
3 0.4845546875 0.6021443514644351 0.082421875 0.16069037656903765
3 0.4695625 0.5262238493723849 0.11465625 0.19922594142259414
3 0.45449218750000003 0.5127928870292887 0.09245312500000001 0.13006276150627613
3 0.854125 0.7416213389121339 0.29175 0.49261506276150624
