0 0.388578125 0.5885245901639344 0.08246875000000001 0.24721311475409838
0 0.13431250000000003 0.5433255269320844 0.01384375 0.04763466042154567
0 0.14910937500000002 0.5414168618266979 0.01634375 0.047330210772833725
0 0.19786718749999999 0.5410655737704918 0.013640625000000002 0.04386416861826698
0 0.036390625 0.5342388758782202 0.0079375 0.04252927400468384
0 0.2316328125 0.5392505854800936 0.010359375 0.05011709601873536
0 0.23821093750000003 0.5391451990632319 0.009859375 0.04180327868852459
0 0.24924999999999997 0.5389929742388758 0.0133125 0.044121779859484775
0 0.5674375 0.5370374707259953 0.014249999999999999 0.04152224824355972
0 0.9035390625 0.5317798594847775 0.015578125000000002 0.0555503512880562
0 0.207 0.5440515222482436 0.0093125 0.03878220140515222
0 0.025171875 0.53807962529274 0.009156250000000001 0.043653395784543324
0 0.9168203125000001 0.5358782201405152 0.010609375 0.02857142857142857
