4 0.47682812500000005 0.64495 0.8721875000000001 0.4854
0 0.93415625 0.6908749999999999 0.03484375 0.19075
0 0.9705234375 0.7023375000000001 0.028671875000000003 0.176025
0 0.909375 0.6972499999999999 0.023250000000000003 0.18705
0 0.5343046875 0.5261250000000001 0.030890625 0.0809
0 0.5881796875 0.5337750000000001 0.036703124999999996 0.09965
0 0.7268281249999999 0.5535625000000001 0.0323125 0.056174999999999996
0 0.6965468750000001 0.5653125 0.026187500000000002 0.053175
0 0.7549375 0.566025 0.020875 0.04655
0 0.4873984375 0.5571 0.019171875 0.06065
