0 0.16614250614250614 0.4322421875 0.21842751842751842 0.234765625
0 0.8007739557739557 0.21645312500000002 0.11746928746928748 0.1368125
0 0.9441523341523342 0.30115625 0.11169533169533169 0.08065625
0 0.5263390663390664 0.20941406250000003 0.11616707616707617 0.125609375
0 0.4182678132678132 0.19032812500000001 0.11461916461916462 0.09743750000000001
0 0.6692506142506142 0.1916875 0.1287223587223587 0.09140625000000001
0 0.32228501228501233 0.19501562500000003 0.09199017199017198 0.08834375
0 0.07894348894348895 0.11346875000000001 0.14265356265356266 0.12346875
0 0.7508968058968059 0.141578125 0.0954054054054054 0.098875
0 0.09296068796068796 0.29853125 0.10031941031941032 0.09000000000000001
0 0.4258722358722358 0.11232031249999999 0.10309582309582309 0.105453125
0 0.4377518427518428 0.5721484375 0.6301474201474202 0.726546875
0 0.2543857493857494 0.2683359375 0.13088452088452088 0.144609375
0 0.5 0.17500000000000002 0.995085995085995 0.35000000000000003
