0 0.458921875 0.7245799457994581 0.076625 0.3788617886178862
0 0.37154687500000005 0.6971409214092141 0.07934375 0.3708672086720867
0 0.20421875000000003 0.6771273712737128 0.050156250000000006 0.24368563685636857
0 0.23274218749999998 0.62869918699187 0.042296875000000005 0.2094308943089431
0 0.2834296875 0.5429945799457995 0.014640624999999999 0.030596205962059617
0 0.12709374999999998 0.6095934959349594 0.0313125 0.05230352303523035
0 0.0688984375 0.5767750677506776 0.010265625 0.06682926829268293
0 0.0335 0.5767750677506774 0.009875000000000002 0.0337669376693767
0 0.27584375000000005 0.5473577235772358 0.0120625 0.025447154471544716
0 0.24187499999999998 0.549390243902439 0.011062500000000001 0.01943089430894309
0 0.1529375 0.5904336043360434 0.013875000000000002 0.02677506775067751
0 0.284171875 0.6731029810298103 0.05078125 0.24149051490514906
0 0.1911640625 0.5704878048780488 0.010765625000000001 0.04617886178861788
0 0.48750000000000004 0.5934959349593496 0.9500000000000001 0.0921409214092141
