2 0.9092890625000001 0.07291079812206573 0.147171875 0.11375586854460094
2 0.75528125 0.08204225352112676 0.1923125 0.10262910798122066
0 0.3447734375 0.46708920187793423 0.103609375 0.2950234741784038
0 0.272328125 0.47870892018779343 0.0671875 0.18023474178403756
0 0.4835546875000001 0.1118192488262911 0.03673437500000001 0.08373239436619719
0 0.51378125 0.4883215962441314 0.0761875 0.21223004694835682
0 0.6012734375000001 0.4996126760563381 0.06901562500000001 0.20542253521126763
0 0.674671875 0.5110093896713616 0.077125 0.21032863849765257
0 0.8136640625 0.5176760563380282 0.069484375 0.21840375586854463
0 0.556625 0.16357981220657278 0.0413125 0.208943661971831
0 0.14847656250000002 0.45259389671361505 0.070109375 0.21223004694835682
0 0.4397890625 0.48001173708920186 0.081109375 0.2098356807511737
3 0.515625 0.5333920187793427 0.060750000000000005 0.1397887323943662
6 0.594140625 0.10548122065727698 0.1839375 0.15575117370892017
0 0.597171875 0.11183098591549297 0.059875000000000005 0.07140845070422536
0 0.32325000000000004 0.12910798122065728 0.031781250000000004 0.08389671361502347
3 0.37259375000000006 0.5183568075117371 0.0335 0.13615023474178403
3 0.8154453125000001 0.5627230046948357 0.04876562500000001 0.13389671361502348
3 0.6060703125 0.5383920187793427 0.055359375 0.1285680751173709
3 0.6731250000000001 0.5488849765258216 0.0476875 0.12561032863849764
3 0.43757812500000004 0.5218309859154929 0.0704375 0.13868544600938967
3 0.27882812500000004 0.5080164319248827 0.05028125 0.13561032863849767
3 0.14636718750000002 0.49468309859154935 0.06085937500000001 0.13640845070422536
0 0.213890625 0.11836854460093899 0.03890625 0.1786150234741784
2 0.52084375 0.06698356807511738 0.027312500000000003 0.024061032863849766
0 0.44296875 0.3004694835680751 0.8859375 0.5164319248826291
