0 0.760953125 0.6146041666666666 0.15675 0.303375
0 0.47585937500000003 0.6476666666666666 0.19234375 0.21370833333333333
0 0.290828125 0.6328229166666667 0.25465625 0.2655625
0 0.058539062499999996 0.16955208333333333 0.087296875 0.2210625
0 0.18104687500000002 0.14445833333333333 0.06675 0.23695833333333333
0 0.2239765625 0.13574999999999998 0.068359375 0.22949999999999998
0 0.8471015625 0.01890625 0.027140625 0.03660416666666667
0 0.8056875 0.021385416666666667 0.049218750000000006 0.04272916666666667
0 0.5290234375000001 0.07628125000000001 0.040921875 0.08810416666666666
0 0.4014921875 0.11146874999999999 0.037390625000000004 0.12647916666666667
0 0.5722421875 0.12555208333333334 0.030609375 0.05222916666666667
0 0.666578125 0.10561458333333333 0.05225 0.0539375
0 0.07009375 0.01709375 0.053593749999999996 0.0341875
0 0.50546875 0.08125 0.5671875000000001 0.15833333333333333
