0 0.324375 0.40523419203747074 0.14446875 0.5181030444964871
0 0.957265625 0.52288056206089 0.0348125 0.24196721311475408
0 0.6671875 0.37640515222482435 0.17390625 0.5865339578454333
0 0.9263281250000001 0.5308548009367682 0.0326875 0.23412177985948476
0 0.9805234375000002 0.5277166276346603 0.038953125000000005 0.25618266978922716
0 0.08385937500000001 0.46649882903981266 0.03621875 0.10391100702576112
0 0.01590625 0.5400819672131147 0.030937500000000003 0.22536299765807963
0 0.2414296875 0.42118266978922714 0.027453125000000002 0.039461358313817335
0 0.1104609375 0.43053864168618267 0.025046875000000003 0.04805620608899297
0 0.034273437500000004 0.5397306791569086 0.045890625000000004 0.23810304449648712
0 0.0568515625 0.5109718969555035 0.028578125 0.21234192037470725
0 0.17962500000000003 0.40556206088992974 0.022781250000000003 0.026908665105386417
0 0.12928906250000002 0.42145199063231853 0.020296875000000002 0.02978922716627635
0 0.51328125 0.4812646370023419 0.9703125 0.2646370023419204
