0 0.513203125 0.44157291666666665 0.63203125 0.8741458333333333
0 0.6814843750000001 0.5014270833333333 0.01984375 0.11164583333333333
0 0.669484375 0.52253125 0.009437500000000001 0.0268125
0 0.35557031250000004 0.6137395833333332 0.072640625 0.15314583333333334
0 0.7658203125 0.52859375 0.027703125000000002 0.06289583333333333
0 0.794875 0.5308333333333334 0.015437500000000002 0.020833333333333332
0 0.9684765625000001 0.5130833333333333 0.016671875 0.04545833333333334
0 0.8962343750000001 0.5178854166666667 0.01240625 0.0433125
0 0.08132812500000001 0.58475 0.05053125000000001 0.10970833333333332
0 0.7050625 0.52446875 0.011875 0.025729166666666664
0 0.7300000000000001 0.5271250000000001 0.011437500000000001 0.027208333333333334
0 0.057320312500000005 0.538625 0.019046875 0.04554166666666667
0 0.9437421875 0.5142916666666667 0.010046875 0.023291666666666665
0 0.47968750000000004 0.5614583333333333 0.9187500000000001 0.14791666666666667
