0 0.230718954248366 0.9682516339869283 0.051045751633986926 0.061699346405228755
0 0.13428921568627453 0.9592973856209149 0.07397058823529412 0.07944444444444444
0 0.9197630718954248 0.9738807189542483 0.14681372549019608 0.052238562091503266
0 0.1957434640522876 0.9705718954248367 0.0421078431372549 0.058856209150326806
2 0.3262745098039216 0.9844117647058822 0.028562091503267974 0.021339869281045754
0 0.1038562091503268 0.9669607843137255 0.041241830065359475 0.06607843137254901
0 0.17092320261437907 0.9707598039215687 0.02253267973856209 0.0578921568627451
0 0.402671568627451 0.9821813725490197 0.014362745098039215 0.035637254901960784
0 0.4664869281045752 0.9816993464052287 0.015326797385620917 0.03490196078431373
0 0.06466503267973855 0.9745669934640522 0.020049019607843138 0.041029411764705884
0 0.08056372549019608 0.9748039215686274 0.021486928104575163 0.0500326797385621
0 0.24685457516339873 0.9592810457516339 0.029493464052287584 0.06179738562091504
0 0.5313398692810458 0.9285130718954249 0.11715686274509805 0.13918300653594773
0 0.9554738562091504 0.9163643790849675 0.08905228758169935 0.16727124183006536
0 0.31209150326797386 0.9795751633986929 0.0196078431372549 0.03758169934640523
