0 0.45996875000000004 0.49470794392523365 0.23084375000000001 0.4836214953271028
0 0.78596875 0.5617990654205607 0.18934375000000003 0.3460747663551402
0 0.5748203125 0.8684696261682243 0.142234375 0.26306074766355136
0 0.6855000000000001 0.8803738317757009 0.1294375 0.2392523364485981
0 0.4538437500000001 0.8786565420560747 0.15028125000000003 0.24268691588785046
0 0.34328125000000004 0.8689135514018692 0.13971875 0.26128504672897196
0 0.12924218750000002 0.9370794392523364 0.069140625 0.1033644859813084
0 0.7462890625 0.1127570093457944 0.08614062500000001 0.20121495327102804
0 0.24275781250000003 0.9345093457943925 0.091796875 0.13098130841121494
0 0.9020390625000001 0.9284929906542057 0.088484375 0.14301401869158878
0 0.9410703125 0.10021028037383177 0.081703125 0.20042056074766354
0 0.5142265625000001 0.05405373831775701 0.068359375 0.10679906542056074
