0 0.49613 0.5146096096096097 0.5343 0.9483183183183184
0 0.14832 0.6026426426426427 0.11284000000000001 0.2765765765765766
0 0.05823999999999999 0.5321771771771772 0.08131999999999999 0.23648648648648649
0 0.10832 0.46855855855855855 0.07995999999999999 0.16666666666666666
0 0.13736 0.43229729729729727 0.038759999999999996 0.15156156156156156
0 0.94375 0.7786486486486486 0.1125 0.4202402402402402
0 0.23922000000000002 0.39094594594594595 0.05768 0.08813813813813814
0 0.92298 0.4875825825825826 0.15336000000000002 0.22669669669669668
0 0.7574599999999999 0.4495645645645646 0.06008 0.19468468468468467
0 0.18244 0.4172672672672672 0.06328 0.1258858858858859
0 0.32558000000000004 0.4167567567567568 0.03456 0.19885885885885884
0 0.8496600000000001 0.37427927927927923 0.02588 0.09498498498498498
0 0.30196999999999996 0.47304804804804806 0.06466 0.1451951951951952
