0 0.4323203125 0.5438278388278388 0.09585937500000001 0.6291941391941392
0 0.3695859375 0.3903663003663004 0.066421875 0.5733333333333334
0 0.7897109375 0.4561355311355312 0.086234375 0.47014652014652014
0 0.2828671875 0.24157509157509158 0.039265625 0.1189010989010989
0 0.9193124999999999 0.4586813186813187 0.124375 0.6164102564102564
0 0.6896953125 0.49950549450549453 0.069984375 0.6563003663003663
0 0.260734375 0.573113553113553 0.1494375 0.8345054945054945
0 0.11809375 0.4183516483516484 0.061 0.5716483516483517
0 0.5137734375 0.4907142857142857 0.068578125 0.45388278388278386
0 0.7712656250000001 0.4196153846153846 0.06640625 0.49087912087912083
0 0.16483593750000003 0.4913553113553113 0.066359375 0.5284249084249084
0 0.091484375 0.4551831501831502 0.12846875 0.5672893772893773
0 0.310171875 0.6793040293040292 0.081625 0.3588278388278388
0 0.37265625 0.5787545787545788 0.7390625000000001 0.717948717948718
