0 0.5269035532994925 0.50718 0.3798477157360406 0.78376
0 0.6935786802030456 0.30087 0.12111675126903552 0.07546
0 0.7963578680203046 0.25755 0.15408629441624364 0.14734
0 0.8852918781725888 0.32926 0.15220812182741114 0.07364
0 0.6353553299492386 0.24528 0.0898984771573604 0.12624
0 0.86746192893401 0.19119 0.08482233502538071 0.1107
0 0.9349492385786802 0.19346000000000002 0.1050253807106599 0.10712
0 0.15639593908629443 0.27303 0.08421319796954314 0.1071
0 0.21653553299492384 0.17025 0.09063451776649746 0.09634000000000001
0 0.09804568527918782 0.23044 0.10121827411167512 0.0908
0 0.25777918781725884 0.20689 0.06753807106598984 0.07366
0 0.5755456852791878 0.0655 0.08230964467005075 0.089
0 0.7168274111675127 0.24152999999999997 0.08035532994923857 0.08778
0 0.49873096446700504 0.296 0.9974619289340101 0.592
