0 0.8859453125000001 0.6472014051522249 0.023765625000000002 0.10035128805620609
0 0.587015625 0.6340163934426228 0.02978125 0.10578454332552693
0 0.5649140625000001 0.6426697892271663 0.020859375 0.09826697892271663
0 0.47271093750000004 0.6156088992974239 0.039640625000000006 0.052107728337236536
0 0.655296875 0.5278220140515223 0.01696875 0.03887587822014052
0 0.4647734375 0.5416042154566745 0.017796875 0.04723653395784544
0 0.5010078125 0.5516510538641687 0.024859375000000003 0.04185011709601874
0 0.5407734375000001 0.47982435597189693 0.007796875000000001 0.03365339578454332
0 0.5936953125000001 0.4336299765807962 0.004828125 0.020046838407494147
0 0.2227734375 0.5570023419203747 0.030671875 0.0263231850117096
0 0.4114765625000001 0.4648009367681499 0.005984375 0.039859484777517565
0 0.40698437500000006 0.45704918032786884 0.00425 0.03189695550351288
0 0.764578125 0.6162997658079624 0.039656250000000004 0.06187353629976581
0 0.39375000000000004 0.5889929742388759 0.7562500000000001 0.35362997658079626
