0 0.30383593750000004 0.6245081967213114 0.099296875 0.40269320843091333
0 0.4992734375 0.7404449648711943 0.164921875 0.49662763466042154
0 0.9325468749999999 0.7619555035128805 0.13490625 0.44943793911007024
0 0.5135625 0.4835714285714286 0.049406250000000006 0.11107728337236533
0 0.6507265625 0.5310655737704918 0.061703125000000004 0.23173302107728339
0 0.6254140625 0.4425878220140515 0.018828125 0.04601873536299766
0 0.6290546875 0.442096018735363 0.015390625 0.042177985948477756
0 0.7435390625 0.49627634660421543 0.028421875000000003 0.15850117096018737
0 0.8388515625 0.5696604215456674 0.09145312500000001 0.3438173302107728
0 0.2651484375 0.5525526932084309 0.06879687500000001 0.322248243559719
0 0.5333125000000001 0.44187353629976583 0.03390625 0.06126463700234192
0 0.6079453125000001 0.448384074941452 0.026296874999999997 0.047540983606557376
0 0.5538203125 0.43888758782201404 0.022421875 0.02845433255269321
0 0.43203125000000003 0.5187353629976581 0.7953125000000001 0.2646370023419204
