0 0.21015625000000002 0.6526944444444445 0.017906250000000002 0.025277777777777777
0 0.22217968750000006 0.6531388888888889 0.013234375000000001 0.026944444444444444
0 0.251953125 0.6616388888888889 0.014031250000000002 0.026055555555555557
0 0.141609375 0.6527222222222222 0.010750000000000001 0.021333333333333333
0 0.1575546875 0.6530833333333333 0.017796875 0.022555555555555554
0 0.20919531250000004 0.6377916666666668 0.015484375000000002 0.034861111111111114
0 0.2631875 0.6661111111111112 0.011062500000000001 0.022388888888888892
0 0.282453125 0.6573472222222222 0.02090625 0.03686111111111111
0 0.28715625 0.6557083333333333 0.0194375 0.043194444444444445
0 0.24728125 0.6617916666666667 0.00775 0.021805555555555554
0 0.19213281250000003 0.6526944444444445 0.018609375 0.02466666666666667
0 0.1777734375 0.6524444444444445 0.015890625000000002 0.024000000000000004
0 0.23550000000000001 0.6561527777777778 0.0155 0.029027777777777777
0 0.26406250000000003 0.5916666666666667 0.15625 0.1277777777777778
