0 0.5844140624999999 0.73146875 0.142859375 0.5226458333333334
0 0.431671875 0.73853125 0.18925000000000003 0.44635416666666666
0 0.2266796875 0.7573020833333333 0.190453125 0.4404375
0 0.42572656249999996 0.44429166666666664 0.097546875 0.18470833333333334
0 0.7200078125 0.44309375 0.023234375 0.16585416666666666
0 0.89746875 0.4179791666666666 0.10618749999999999 0.3865
0 0.7577265625 0.7152291666666667 0.164703125 0.5487916666666667
0 0.2995390625 0.5141458333333334 0.135703125 0.13745833333333335
0 0.764484375 0.3732916666666667 0.05662500000000001 0.079375
0 0.8281953125 0.4690625 0.094328125 0.20654166666666665
0 0.4492109375 0.49665624999999997 0.068859375 0.15302083333333333
0 0.6636796875000001 0.38155208333333335 0.038765625 0.06222916666666667
0 0.5108359375 0.45509374999999996 0.06789062500000001 0.21431250000000002
0 0.25 0.634375 0.403125 0.6270833333333333
