0 0.5345520833333333 0.5866484375000001 0.35081249999999997 0.47554687500000004
0 0.3850208333333333 0.5202265625 0.512375 0.617984375
0 0.874625 0.33704687499999997 0.026916666666666665 0.044375
0 0.8308645833333334 0.3307578125 0.016854166666666667 0.036796875
0 0.6723125 0.34614062500000004 0.034499999999999996 0.06203125000000001
0 0.176625 0.3428359375000001 0.013625 0.020859375
0 0.09864583333333334 0.3473125 0.010583333333333333 0.012843750000000001
0 0.7265729166666667 0.338625 0.004187499999999999 0.00665625
0 0.009895833333333333 0.32620312500000004 0.007458333333333333 0.01265625
0 0.08657291666666667 0.338671875 0.0153125 0.017374999999999998
0 0.05672916666666666 0.32605468750000005 0.004875 0.012453125
0 0.056124999999999994 0.34311718750000003 0.012666666666666666 0.016796875
0 0.19576041666666666 0.32266406250000007 0.006395833333333333 0.013921875
0 0.171875 0.3171875 0.027083333333333334 0.015625
