0 0.9695234375 0.5477166276346604 0.060953125 0.29262295081967216
0 0.9200234374999999 0.5248829039812646 0.08139062500000001 0.3249882903981265
0 0.8816640625000001 0.552400468384075 0.14835937500000002 0.4516861826697892
0 0.772515625 0.523536299765808 0.18403125 0.48613583138173305
0 0.587296875 0.6167915690866511 0.056406250000000005 0.25447306791569085
0 0.26603906250000003 0.5949180327868853 0.023890625 0.12936768149882905
0 0.22507812500000002 0.5758548009367682 0.052875000000000005 0.08688524590163935
0 0.07981250000000001 0.5607259953161593 0.0745 0.1697423887587822
0 0.01059375 0.5702927400468384 0.0211875 0.18367681498829042
0 0.29535937500000004 0.5943911007025761 0.06296875 0.15505854800936766
0 0.22640625000000003 0.6010187353629977 0.06409375 0.12817330210772834
0 0.1341875 0.578559718969555 0.032718750000000005 0.09023419203747073
6 0.7771093750000001 0.9239344262295082 0.1333125 0.11152224824355972
0 0.18825000000000003 0.6037353629976581 0.03159375 0.11866510538641686
2 0.6568593750000001 0.8978571428571428 0.08762500000000001 0.07730679156908665
0 0.34296875000000004 0.5597189695550351 0.6578125 0.12177985948477751
