0 0.52846875 0.6151643192488263 0.34184375 0.7696713615023474
0 0.387265625 0.5022417840375587 0.10696875 0.08913145539906103
0 0.39841406250000005 0.4707159624413146 0.06489062500000001 0.14842723004694836
0 0.16896875 0.4876056338028169 0.05134375 0.08065727699530517
0 0.1622734375 0.43829812206572766 0.116703125 0.1749530516431925
0 0.7265546875000001 0.43690140845070424 0.091390625 0.1879342723004695
0 0.641046875 0.43345070422535215 0.0771875 0.16370892018779343
0 0.7763671875 0.5278169014084507 0.12532812499999998 0.18023474178403756
0 0.9627265625 0.5059976525821596 0.074546875 0.17434272300469483
0 0.27896875 0.5011267605633802 0.046375 0.08089201877934273
0 0.28671875 0.45435446009389674 0.09284375 0.1646244131455399
0 0.08663281249999999 0.3670422535211268 0.051671875000000006 0.07830985915492958
0 0.69771875 0.5439201877934272 0.08684375 0.05723004694835681
0 0.5 0.47535211267605637 0.9968750000000001 0.9507042253521127
