2 0.20028103044496487 0.3319296875 0.1614519906323185 0.067265625
0 0.1198360655737705 0.40765625 0.09789227166276346 0.22971875000000003
0 0.8859836065573771 0.45766406249999997 0.1513583138173302 0.369921875
0 0.7175995316159252 0.2797421875 0.09477751756440281 0.07420312500000001
2 0.8020023419203747 0.34082812500000004 0.027049180327868853 0.021500000000000002
2 0.9837119437939109 0.34446093750000006 0.032576112412177984 0.028015625000000002
6 0.055245901639344265 0.30344531250000006 0.11049180327868853 0.149015625
6 0.8968501170960187 0.3438203125 0.19533957845433256 0.08535937500000002
0 0.07743559718969555 0.3735625 0.1548711943793911 0.13384375
0 0.5008313817330211 0.5397578125 0.623864168618267 0.920484375
