0 0.8042343750000001 0.5733255269320843 0.0339375 0.05451990632318501
0 0.9802265625000001 0.6926697892271663 0.035859375 0.04510538641686183
0 0.9853125 0.7399180327868853 0.02921875 0.04161592505854801
6 0.5081796875000001 0.5740749414519907 0.16467187500000002 0.24515222482435597
2 0.374453125 0.5931733021077285 0.1026875 0.1476112412177986
2 0.463265625 0.7211007025761124 0.11521875 0.15264637002341921
2 0.5746875 0.5170491803278688 0.1088125 0.11859484777517565
2 0.8073593750000001 0.697576112412178 0.11934375 0.1544496487119438
2 0.6913671875 0.611768149882904 0.104421875 0.12423887587822013
0 0.41832812500000005 0.3402576112412178 0.009750000000000002 0.031053864168618266
0 0.9261484375000001 0.6739227166276346 0.036046875 0.04091334894613583
2 0.9199765625000002 0.8075409836065573 0.080703125 0.1229976580796253
2 0.933953125 0.9431615925058547 0.10490625 0.1136768149882904
2 0.36837500000000006 0.3663231850117096 0.05984375 0.06018735362997658
2 0.4832109375 0.4462997658079625 0.079203125 0.07573770491803279
2 0.400125 0.46350117096018734 0.07428125000000001 0.09543325526932084
2 0.7352265625000001 0.9566978922716627 0.14645312500000002 0.08660421545667446
2 0.5897968750000001 0.8579156908665105 0.15887500000000002 0.20117096018735364
2 0.31497656250000006 0.5137470725995317 0.065234375 0.10018735362997658
2 0.41015625 0.5339578454332553 0.3796875 0.3559718969555035
