2 0.7038046875 0.6052916666666667 0.037453125 0.04320833333333333
0 0.29095312500000003 0.6311354166666666 0.06259375 0.23647916666666668
0 0.12640625000000003 0.6348229166666666 0.07078125 0.2494375
0 0.42874999999999996 0.5901145833333333 0.031656250000000004 0.06764583333333334
0 0.479578125 0.5889583333333333 0.02284375 0.060875
0 0.0315 0.63646875 0.063 0.2813541666666667
0 0.8688671875000001 0.74284375 0.157234375 0.2872708333333333
0 0.9708359375 0.7361770833333333 0.058328125 0.2766041666666667
0 0.34402343750000003 0.5964583333333333 0.036015625 0.06658333333333333
0 0.459296875 0.59575 0.023250000000000003 0.048666666666666664
0 0.371859375 0.5972916666666667 0.02746875 0.06216666666666667
3 0.3008437500000001 0.8101145833333332 0.5983125 0.37977083333333334
3 0.5089921875 0.7966354166666666 0.208984375 0.37977083333333334
3 0.5638046875 0.6663437499999999 0.11879687500000001 0.13135416666666666
3 0.5943750000000001 0.7354270833333333 0.10559375 0.12177083333333334
3 0.6213593749999999 0.6131562500000001 0.018843750000000003 0.03789583333333334
3 0.6399140625 0.6054375000000001 0.020234375 0.035124999999999997
0 0.8846640625000002 0.6067395833333332 0.022515625 0.0396875
3 0.8648828125 0.7715104166666666 0.153484375 0.29972916666666666
3 0.60221875 0.8241354166666667 0.12931250000000002 0.2733958333333333
3 0.5924609375000001 0.6395729166666667 0.06364062499999999 0.0930625
3 0.9750234375 0.7576249999999999 0.049953125 0.20629166666666665
3 0.5465234375 0.5948958333333334 0.011953125000000002 0.014375
0 0.930671875 0.6097604166666667 0.03290625 0.07485416666666667
3 0.614453125 0.6133854166666667 0.011312500000000001 0.01914583333333333
0 0.23005468750000002 0.6249166666666666 0.058734375000000005 0.20020833333333332
0 0.540625 0.6083333333333333 0.915625 0.12916666666666665
