0 0.3313828125 0.2925729166666667 0.25798437500000004 0.4032708333333333
0 0.8989687500000001 0.2648333333333333 0.2020625 0.4794583333333333
0 0.6176953125 0.21647916666666667 0.112921875 0.285375
0 0.240046875 0.75384375 0.12984375 0.28072916666666664
0 0.7967265625 0.8092604166666667 0.33092187500000003 0.3641875
0 0.22415625000000003 0.17588541666666666 0.14378125 0.3301458333333333
0 0.71996875 0.24371874999999998 0.13728125 0.2203125
0 0.3883984375 0.7396874999999999 0.228921875 0.4515833333333333
0 0.1089921875 0.7212083333333333 0.140203125 0.3471666666666666
0 0.88990625 0.7281458333333333 0.2094375 0.4488333333333333
