1 0.8667265624999999 0.7145283018867924 0.038078125000000004 0.08169811320754716
1 0.9568359375000001 0.7237146226415094 0.075578125 0.08516509433962263
1 0.8167734375000001 0.7066627358490566 0.038265625 0.08893867924528302
1 0.73003125 0.7072877358490566 0.03621875 0.07584905660377357
1 0.7644921875000001 0.7079245283018868 0.031171875 0.07537735849056604
4 0.495015625 0.6292099056603774 0.48981250000000004 0.47191037735849056
0 0.6284609375 0.5903537735849056 0.055921875 0.07226415094339622
1 0.9291015625000001 0.7125825471698113 0.044015625 0.08558962264150943
1 0.88715625 0.7117570754716982 0.029718750000000002 0.09275943396226415
1 0.7803359375000001 0.6993749999999999 0.027109375000000005 0.046344339622641506
