2 0.36157812500000003 0.7731666666666667 0.16190625000000003 0.13083333333333333
2 0.5424765625 0.7781874999999999 0.22395312500000003 0.12916666666666665
2 0.1646328125 0.6736875 0.06098437500000001 0.02725
2 0.0696796875 0.6777395833333333 0.064265625 0.03260416666666667
2 0.689125 0.7192916666666667 0.10284375 0.031041666666666665
3 0.43542968750000005 0.5433124999999999 0.07635937500000001 0.14425
0 0.040703125 0.7065729166666668 0.027312500000000003 0.09085416666666667
6 0.5925390625000001 0.6305520833333332 0.549203125 0.18597916666666667
0 0.8916875 0.6924479166666666 0.02359375 0.057979166666666665
0 0.8238828125 0.6996145833333335 0.041828125 0.0608125
0 0.9761562500000001 0.70378125 0.02003125 0.0886875
1 0.43442187499999996 0.54378125 0.07487500000000001 0.12347916666666667
6 0.16328125000000002 0.6731770833333334 0.05721875 0.027395833333333335
0 0.140875 0.7189583333333334 0.023000000000000003 0.0685
0 0.427453125 0.4810625 0.0590625 0.13408333333333333
2 0.26878906249999995 0.7713020833333334 0.050640624999999995 0.11585416666666666
