0 0.6132109375000001 0.6427049180327868 0.167921875 0.4404449648711944
0 0.5570625 0.29112412177985947 0.067875 0.12421545667447306
0 0.8216093750000001 0.42360655737704916 0.13793750000000002 0.6
0 0.6906875000000001 0.25809133489461356 0.05290625 0.13262295081967213
0 0.22696875 0.6200585480093677 0.1665625 0.4176346604215457
0 0.624265625 0.23795081967213116 0.0729375 0.12091334894613584
0 0.6695390625000001 0.5223536299765809 0.208796875 0.5929508196721311
0 0.39170312500000004 0.31388758782201404 0.037187500000000005 0.11255269320843092
0 0.0869609375 0.5797775175644028 0.173921875 0.5393208430913349
0 0.34646093750000007 0.34203747072599533 0.08542187500000001 0.24388758782201406
0 0.15924218750000002 0.355152224824356 0.11489062500000001 0.26468384074941453
0 0.20915625000000004 0.30100702576112415 0.034531250000000006 0.07658079625292741
0 0.273359375 0.3746604215456675 0.11465625 0.27021077283372363
0 0.36875 0.5573770491803278 0.21875 0.5152224824355972
