2 0.5267847025495751 0.54314 0.9390084985835695 0.5618
2 0.28281869688385275 0.26795 0.2957790368271955 0.1265
2 0.24178470254957507 0.22944 0.2322946175637394 0.08852
0 0.8700424929178471 0.27496 0.1791784702549575 0.3072
0 0.6713881019830029 0.21223 0.07495750708215299 0.14862
0 0.3337818696883853 0.16967999999999997 0.041274787535410765 0.07052
0 0.7393767705382437 0.21474000000000001 0.06628895184135977 0.14400000000000002
0 0.1481303116147309 0.1554 0.021246458923512748 0.016640000000000002
0 0.0413456090651558 0.21544 0.07447592067988669 0.18892
0 0.09376770538243624 0.23906 0.10668555240793201 0.18832
0 0.4814730878186969 0.20718 0.0788101983002833 0.1464
0 0.9528328611898018 0.24906999999999999 0.0791501416430595 0.22966
0 0.3994759206798867 0.19063 0.05492917847025496 0.10642
0 0.6223796033994334 0.15314 0.059490084985835696 0.038759999999999996
2 0.17941926345609063 0.17894 0.10359773371104816 0.02468
0 0.36549575070821533 0.17413 0.03280453257790369 0.06781999999999999
0 0.9754390934844194 0.3351 0.049121813031161476 0.29636
0 0.3257790368271955 0.164 0.254957507082153 0.084
