0 0.2198203125 0.7545416666666667 0.025203125 0.083625
0 0.34978125000000004 0.7380416666666666 0.01715625 0.057541666666666665
0 0.47106250000000005 0.7288958333333333 0.00603125 0.023125
0 0.481953125 0.7269062500000001 0.00671875 0.018520833333333334
0 0.8617812499999999 0.7681770833333333 0.0426875 0.1585625
0 0.7182265624999999 0.7333020833333334 0.011359375 0.0313125
0 0.6263046875000001 0.730125 0.009515625 0.02775
0 0.6086328125 0.3713854166666667 0.015046875000000001 0.029020833333333333
0 0.521515625 0.7448645833333334 0.01384375 0.02314583333333333
0 0.5882890625 0.3863229166666667 0.022671875 0.06252083333333333
0 0.4907578125 0.5336875 0.004859375 0.020166666666666666
0 0.6311328125000001 0.37546875 0.017234375 0.040562499999999994
0 0.40509375000000003 0.7351145833333332 0.011437500000000001 0.043812500000000004
0 0.69453125 0.5552083333333333 0.5578125 0.4145833333333333
