2 0.1415947242206235 0.76503 0.1558513189448441 0.0475
2 0.2134292565947242 0.76264 0.16105515587529975 0.06528
2 0.8519064748201438 0.77519 0.15326139088729016 0.0637
2 0.7273860911270983 0.7751800000000001 0.19851318944844124 0.0694
2 0.2961870503597122 0.7499600000000001 0.06633093525179856 0.03972
2 0.05864508393285371 0.76329 0.11729016786570742 0.05158
2 0.9628057553956834 0.79228 0.07314148681055155 0.053840000000000006
2 0.8455395683453236 0.78583 0.07357314148681054 0.049780000000000005
2 0.08953237410071942 0.76502 0.12285371702637889 0.04312
2 0.3159232613908873 0.7824399999999999 0.07151079136690647 0.0396
0 0.6041846522781774 0.7480600000000001 0.3052038369304556 0.47792
0 0.4196882494004796 0.78961 0.21055155875299758 0.39126
