6 0.5117151162790697 0.6393593750000001 0.6294767441860465 0.38184375000000004
0 0.25714147286821704 0.4852578125 0.11401162790697673 0.326171875
0 0.3234302325581396 0.475421875 0.0693798449612403 0.32878125
0 0.36791666666666667 0.48665625 0.10284883720930232 0.31890625
0 0.436046511627907 0.3736484375 0.05015503875968992 0.089890625
0 0.4808430232558139 0.4892734375 0.14901162790697675 0.32229687500000004
0 0.6215116279069767 0.465453125 0.19050387596899224 0.218125
0 0.7210852713178294 0.45090625 0.06131782945736434 0.08865625
0 0.5428100775193799 0.39966406250000003 0.0677906976744186 0.072671875
0 0.7762887596899225 0.48910937499999996 0.06443798449612403 0.11312500000000002
0 0.843875968992248 0.6852109375000001 0.03507751937984496 0.091203125
