0 0.44762499999999994 0.6801041666666665 0.028562500000000005 0.10364583333333333
0 0.8658828125000002 0.7562499999999999 0.16232812500000002 0.1015625
0 0.28671875 0.7289973958333333 0.023625 0.03794270833333333
0 0.053703125 0.8769921875 0.10740625 0.09856770833333334
0 0.06841406250000001 0.7460677083333334 0.04220312500000001 0.09947916666666667
0 0.85984375 0.6932812500000001 0.024625 0.038072916666666665
0 0.8409531250000001 0.702421875 0.03821875 0.05817708333333333
0 0.889078125 0.71453125 0.03746875 0.037343749999999995
0 0.0471484375 0.7482291666666666 0.094296875 0.20885416666666667
0 0.07587500000000001 0.6895182291666666 0.03571875 0.15028645833333332
0 0.23250781250000002 0.7708984374999999 0.106421875 0.08476562499999998
0 0.25164843750000004 0.7273046875 0.049328125 0.035494791666666664
0 0.5359375000000001 0.7161458333333333 0.76875 0.23958333333333331
