0 0.36893750000000003 0.5366550116550117 0.028499999999999998 0.08398601398601399
0 0.176921875 0.4737529137529138 0.03175 0.09515151515151515
0 0.2990859375 0.28692307692307695 0.005890625 0.018834498834498836
0 0.1913515625 0.27941724941724944 0.007046875 0.026293706293706292
0 0.389640625 0.5484032634032634 0.01396875 0.02431235431235431
0 0.179546875 0.2991258741258741 0.01109375 0.03
0 0.30867187500000004 0.2748018648018648 0.005812500000000001 0.01636363636363636
0 0.22874218750000003 0.29379953379953383 0.014546875 0.015804195804195804
0 0.1364765625 0.37622377622377623 0.029609375 0.05855477855477856
0 0.22514843750000002 0.2711771561771562 0.008859375000000001 0.022634032634032637
0 0.16157812500000002 0.28286713286713283 0.014875 0.026153846153846156
0 0.3261640625 0.28634032634032636 0.006609375000000001 0.009836829836829836
0 0.6368984375000001 0.48786713286713285 0.008609375 0.012703962703962705
0 0.45234375000000004 0.3997668997668998 0.6046875 0.2913752913752914
