2 0.7316250000000001 0.8930327868852459 0.10509375000000001 0.1022248243559719
2 0.4719609375 0.8983957845433256 0.073796875 0.08086651053864169
2 0.36507812500000003 0.902248243559719 0.08846875 0.08313817330210772
4 0.5854765625 0.834824355971897 0.16042187500000002 0.20449648711943794
4 0.26956250000000004 0.8491451990632319 0.14421875 0.17997658079625292
4 0.4880546875 0.8551873536299764 0.040296875 0.04718969555035128
0 0.7992890625000001 0.8839578454332553 0.016640625000000003 0.09096018735362998
0 0.8467968749999999 0.8736065573770493 0.014156250000000002 0.07433255269320843
2 0.432328125 0.9016627634660421 0.025562500000000002 0.06969555035128806
2 0.1018359375 0.8976346604215457 0.07823437500000001 0.07892271662763467
2 0.1752421875 0.9104918032786886 0.029703125000000004 0.042903981264637
0 0.7742109375 0.8665807962529274 0.013265625000000001 0.060608899297423885
0 0.9889921875 0.8657025761124121 0.022015625 0.0665807962529274
0 0.94121875 0.8401873536299765 0.01165625 0.023981264637002342
2 0.1446875 0.9018149882903981 0.043062500000000004 0.060866510538641685
0 0.06242187500000001 0.8820140515222482 0.01059375 0.04861826697892272
0 0.16275 0.8860421545667446 0.00946875 0.034894613583138175
