0 0.33160937500000004 0.6009368191721133 0.017249999999999998 0.0334640522875817
0 0.37564843750000004 0.6025599128540305 0.023015625 0.03984749455337691
0 0.3571875 0.5978213507625273 0.012625 0.041699346405228765
0 0.3959765625 0.603082788671024 0.017890625 0.035403050108932466
0 0.03375 0.6217102396514163 0.019343750000000003 0.07753812636165579
0 0.3633984375 0.598769063180828 0.013859375 0.04267973856209151
0 0.122375 0.5926252723311548 0.018468750000000003 0.02769063180827887
0 0.09360156250000001 0.5908169934640524 0.008421875 0.022984749455337693
0 0.2544765625 0.5954357298474946 0.024671875 0.03701525054466231
0 0.10842968750000002 0.5971350762527234 0.014140625000000002 0.017625272331154684
