4 0.5376406250000001 0.4981875 0.47528125000000004 0.4224583333333333
0 0.8927812500000001 0.5068958333333333 0.00653125 0.030583333333333334
0 0.8673203125000001 0.51278125 0.011921875 0.044187500000000005
2 0.9880546875 0.51571875 0.023890625 0.0366875
0 0.8234140625 0.5138958333333333 0.010234375 0.03954166666666667
1 0.972078125 0.5751562499999999 0.0551875 0.07764583333333334
0 0.5214609375 0.5239270833333333 0.019390625 0.07502083333333333
0 0.6802578125000001 0.5039374999999999 0.020671875000000003 0.02804166666666667
0 0.7961875 0.5016145833333333 0.009343750000000001 0.029104166666666667
0 0.8782500000000001 0.51446875 0.0093125 0.03822916666666667
0 0.858734375 0.5145416666666667 0.00625 0.03716666666666667
0 0.4937578125 0.5245312499999999 0.043390625 0.07022916666666666
