2 0.09348437500000001 0.30073943661971836 0.18100000000000002 0.1573004694835681
6 0.9103906250000002 0.18524647887323942 0.17909375000000002 0.3654694835680751
0 0.6753437500000001 0.4528051643192488 0.1989375 0.775281690140845
0 0.9544140625000002 0.6388967136150234 0.09104687500000001 0.6771361502347417
0 0.3355703125 0.3706455399061033 0.149078125 0.5042957746478873
0 0.37482812500000007 0.24246478873239435 0.0139375 0.08539906103286386
0 0.26713281250000004 0.2585798122065728 0.018515625 0.1038262910798122
0 0.19803906250000003 0.23408450704225353 0.027171875 0.09474178403755869
0 0.095421875 0.21451877934272298 0.014531250000000002 0.036690140845070426
2 0.7960781250000001 0.2574530516431925 0.09300000000000001 0.09894366197183098
2 0.40809375000000003 0.2267605633802817 0.05321875000000001 0.039718309859154935
0 0.553140625 0.6182276995305165 0.1351875 0.6548591549295776
2 0.2791171875 0.24240610328638498 0.055765625 0.06687793427230047
