0 0.41167968750000006 0.3793661971830986 0.063578125 0.21671361502347417
0 0.685625 0.3097887323943662 0.017 0.060845070422535216
0 0.6712656250000001 0.30082159624413146 0.03590625 0.1123474178403756
0 0.338859375 0.5202347417840376 0.13921875 0.6508920187793427
0 0.7272500000000002 0.6890845070422534 0.49187500000000006 0.6218309859154929
0 0.133671875 0.4212793427230047 0.11375 0.33129107981220657
0 0.6648671875000001 0.14854460093896715 0.018203125 0.08065727699530517
0 0.6356640625000001 0.3437793427230047 0.071546875 0.14572769953051642
0 0.694109375 0.34732394366197183 0.052937500000000005 0.1708920187793427
0 0.6732187500000001 0.6225704225352113 0.22890625 0.4298826291079812
0 0.8660781250000001 0.3814201877934273 0.06359375 0.22387323943661974
0 0.9394921875 0.44461267605633803 0.12101562500000002 0.4517605633802817
0 0.7293437500000001 0.4859741784037559 0.08728125 0.2532629107981221
0 0.54453125 0.33215962441314556 0.5984375000000001 0.4859154929577465
