0 0.8015625000000001 0.6469835680751174 0.1655 0.27880281690140846
0 0.8261796875 0.7975352112676056 0.32270312500000004 0.40492957746478875
0 0.394359375 0.6354694835680752 0.1101875 0.2064319248826291
0 0.3544609375000001 0.5432394366197184 0.037265625000000004 0.09253521126760564
0 0.20432812500000003 0.5205281690140845 0.0605625 0.11100938967136151
0 0.11575 0.5605516431924883 0.07387500000000001 0.1161737089201878
0 0.62565625 0.4504460093896714 0.0245625 0.03779342723004695
0 0.562640625 0.4284859154929577 0.018750000000000003 0.10199530516431926
0 0.5026796875 0.42532863849765257 0.028109375 0.055305164319248826
0 0.2901484375 0.6854694835680751 0.09623437500000001 0.17009389671361502
0 0.353921875 0.40184272300469487 0.01709375 0.024014084507042253
0 0.12509375 0.7309859154929577 0.18234375000000003 0.23741784037558686
0 0.5145546875 0.5775 0.07504687500000001 0.17035211267605632
0 0.453125 0.49765258215962443 0.9031250000000001 0.25821596244131456
