3 0.48369531250000003 0.7598902439024391 0.880140625 0.48021951219512193
3 0.2001015625 0.5724756097560975 0.400203125 0.8157317073170731
3 0.4995390625000001 0.42697560975609755 0.267765625 0.3370731707317073
0 0.6185859375 0.6172073170731708 0.471171875 0.7440731707317073
0 0.8058125 0.4228658536585366 0.20396875 0.6367560975609756
0 0.4972890625 0.23241463414634145 0.258046875 0.348780487804878
0 0.39721875 0.1522317073170732 0.13146875 0.3019268292682927
0 0.24129687500000002 0.23217073170731706 0.11781250000000001 0.38834146341463416
0 0.5219921875 0.14240243902439023 0.12189062500000002 0.28480487804878046
0 0.6916875 0.14542682926829267 0.16943750000000002 0.29085365853658535
0 0.9495859375000001 0.33206097560975606 0.100828125 0.6345121951219511
0 0.12590625 0.19601219512195125 0.11709375 0.2958780487804878
0 0.8524140625000002 0.1628658536585366 0.100609375 0.25446341463414635
0 0.7743984375 0.06680487804878049 0.08492187500000001 0.13360975609756098
