0 0.3901171875 0.2761619718309859 0.32401562500000003 0.5264084507042254
0 0.6202109375 0.4622300469483568 0.130765625 0.2768544600938967
0 0.9326015625 0.5121126760563381 0.017578125 0.06492957746478874
0 0.36392968750000004 0.5766079812206573 0.029359375 0.040352112676056345
0 0.384765625 0.5612676056338028 0.0206875 0.05563380281690141
0 0.3262890625 0.5757981220657278 0.027828125 0.045117370892018775
0 0.30596093750000003 0.5799061032863849 0.037671875 0.039483568075117374
0 0.20214062500000002 0.5150234741784038 0.01359375 0.05173708920187793
0 0.4320703125 0.5252112676056339 0.011515625000000002 0.030093896713615023
0 0.44399999999999995 0.5331807511737089 0.0101875 0.015469483568075117
0 0.33242187500000003 0.5265845070422535 0.0121875 0.04082159624413146
0 0.27292187500000004 0.5813732394366197 0.031125000000000003 0.03302816901408451
0 0.278984375 0.5765962441314554 0.01665625 0.03704225352112676
0 0.6984375 0.573943661971831 0.521875 0.13380281690140847
