1 0.16475781250000002 0.6897892271662764 0.09545312500000001 0.23601873536299767
2 0.5956796875 0.6935948477751757 0.18476562500000002 0.31768149882903984
2 0.39337500000000003 0.6096252927400468 0.040843750000000005 0.06791569086651054
0 0.41815625 0.6534894613583139 0.08368750000000001 0.27850117096018734
1 0.24634375000000006 0.6446252927400469 0.03315625 0.12822014051522249
2 0.7865000000000001 0.6811826697892271 0.427 0.6141217798594848
2 0.49979687500000003 0.6444262295081967 0.10240625000000002 0.17690866510538644
1 0.28461718750000004 0.6474707259953161 0.052578125 0.13508196721311475
1 0.309109375 0.6279508196721312 0.027875 0.0626463700234192
1 0.34783593749999997 0.6054918032786886 0.022984375 0.03543325526932085
