0 0.28474218749999997 0.15713541666666667 0.109015625 0.13985416666666667
0 0.1807421875 0.6542812499999999 0.277015625 0.5473125
0 0.540359375 0.7055208333333334 0.19734375 0.38245833333333334
0 0.6817421875 0.6617916666666666 0.244390625 0.5685416666666666
0 0.959359375 0.16911458333333332 0.08128125000000001 0.2820625
0 0.8359531250000001 0.24920833333333334 0.1266875 0.13445833333333335
0 0.7713437500000001 0.06591666666666667 0.06184375 0.08045833333333333
0 0.3795859375 0.15215625 0.08664062500000001 0.13514583333333335
0 0.47182031250000006 0.1768125 0.07782812500000001 0.16933333333333334
0 0.7366015625000001 0.21276041666666667 0.10348437500000002 0.17143750000000002
0 0.528203125 0.20320833333333332 0.0681875 0.13245833333333332
0 0.0663984375 0.10639583333333333 0.096796875 0.15833333333333333
0 0.5983046875 0.20005208333333335 0.08326562500000001 0.1399375
0 0.50703125 0.12604166666666666 0.7890625 0.2520833333333333
