1 0.6045 0.39721874999999995 0.14278125 0.15443749999999998
1 0.5499453125 0.3714270833333334 0.074671875 0.1156875
2 0.10495312500000001 0.2933020833333333 0.05425 0.04089583333333333
2 0.1488984375 0.29384374999999996 0.09385937500000001 0.04535416666666667
3 0.24438281250000002 0.62471875 0.43482812500000007 0.4359375
3 0.42468750000000005 0.52440625 0.33690625 0.3424791666666666
3 0.5117109375000001 0.35479166666666667 0.076765625 0.06433333333333333
6 0.3140625 0.2867395833333333 0.141125 0.08422916666666666
0 0.9671171875 0.26928124999999997 0.06576562500000001 0.16885416666666667
0 0.8485624999999999 0.3154166666666667 0.041593750000000006 0.07175
0 0.5711953125 0.2878541666666667 0.028515625000000003 0.04779166666666667
0 0.5432578125 0.2930520833333333 0.021390625 0.10602083333333333
0 0.5184375 0.2946770833333333 0.0291875 0.09689583333333333
0 0.7585859375 0.3897395833333333 0.177640625 0.43822916666666667
0 0.18522656250000002 0.2959166666666667 0.012140625 0.048125
0 0.203359375 0.29376041666666663 0.014718750000000001 0.05302083333333333
0 0.5807890625 0.2761354166666667 0.021640625 0.0656875
0 0.14621875 0.30809375 0.040656250000000005 0.1013125
2 0.08003906250000001 0.28302083333333333 0.031734375 0.016916666666666663
2 0.0716328125 0.2803333333333333 0.040015625 0.02275
2 0.1764765625 0.27853125 0.04245312500000001 0.03660416666666667
3 0.8424609375 0.48484375 0.11854687500000001 0.2283125
6 0.0473046875 0.3038645833333334 0.09285937500000001 0.0765625
2 0.22268749999999998 0.27795833333333336 0.022500000000000003 0.027416666666666666
0 0.6242109375 0.3169166666666667 0.021640625 0.04854166666666667
