0 0.22246875 0.6337083333333333 0.32359375 0.705625
0 0.6825 0.4424375 0.15984375 0.35104166666666664
0 0.7678046875 0.4605625 0.076171875 0.321625
0 0.8494296875000003 0.40371875000000007 0.088109375 0.15410416666666665
0 0.9128281249999999 0.6099374999999999 0.17434375000000002 0.780125
0 0.11797656249999999 0.45730208333333333 0.151671875 0.39777083333333335
0 0.0360546875 0.4174375 0.072109375 0.242
0 0.9201953125000002 0.5740833333333333 0.15960937500000003 0.202375
0 0.9234296875000001 0.55334375 0.125953125 0.26468749999999996
0 0.42556250000000007 0.5426979166666667 0.23428125 0.6943958333333333
0 0.0393984375 0.6053854166666668 0.078796875 0.5040208333333334
0 0.622546875 0.5022916666666667 0.26421875 0.5328333333333333
