0 0.857671875 0.21875 0.12509375 0.2921111111111111
0 0.0707890625 0.6640555555555556 0.136515625 0.6494444444444445
0 0.198453125 0.6719166666666666 0.1415625 0.6337222222222222
0 0.31160937499999997 0.673 0.11409375 0.654
0 0.8336328125 0.6752777777777779 0.22626562500000003 0.6449444444444445
0 0.4778515625 0.5363194444444445 0.07504687500000001 0.5811944444444445
0 0.6082968750000001 0.2605277777777778 0.072625 0.22888888888888892
0 0.53940625 0.6601111111111111 0.11740625 0.6739444444444445
0 0.5803671875 0.2597777777777778 0.031671875 0.07883333333333334
0 0.8039296875 0.14381944444444444 0.088484375 0.2876388888888889
0 0.3956484375 0.6629166666666666 0.12892187500000002 0.6741666666666667
0 0.5449765624999999 0.2800277777777778 0.075671875 0.32561111111111113
0 0.6588828125 0.26519444444444445 0.062296875 0.25205555555555553
0 0.7671875 0.35555555555555557 0.240625 0.46111111111111114
