0 0.49847 0.6358533333333333 0.4315 0.7279733333333334
0 0.38837 0.32442666666666664 0.04182 0.09194666666666665
0 0.54041 0.17757333333333333 0.0497 0.08943999999999999
0 0.6539400000000001 0.19078666666666666 0.07524 0.12216
0 0.8175600000000001 0.34087999999999996 0.055439999999999996 0.092
0 0.9454 0.4694533333333333 0.1092 0.15986666666666666
0 0.08962 0.4597333333333333 0.0998 0.14543999999999999
0 0.20077 0.5019866666666667 0.12238 0.2228
0 0.62609 0.4662933333333333 0.07454000000000001 0.13584
0 0.8723 0.36453333333333326 0.08908 0.15024
0 0.38213 0.22776 0.04506 0.11674666666666667
0 0.71977 0.24438666666666664 0.06386 0.12861333333333333
0 0.23451 0.5033333333333333 0.20994000000000002 0.22890666666666667
0 0.5 0.49866666666666665 0.996 0.9973333333333333
