0 0.155625 0.7879391100702577 0.05403125 0.19569086651053866
0 0.0851328125 0.587423887587822 0.021828125000000004 0.03859484777517565
0 0.0891875 0.7460187353629977 0.033531250000000005 0.26875878220140514
0 0.024632812500000004 0.8183840749414519 0.04926562500000001 0.2568149882903981
0 0.0750625 0.6600819672131149 0.06003125000000001 0.15533957845433255
0 0.15109375 0.6630913348946136 0.05665625 0.1276814988290398
0 0.13089843750000002 0.6147658079625292 0.034640625 0.0959016393442623
0 0.110015625 0.6421779859484777 0.030125000000000002 0.13288056206088994
0 0.18812500000000001 0.6134894613583137 0.03134375 0.09672131147540983
0 0.11720312499999999 0.7961709601873537 0.0360625 0.18016393442622952
0 0.048046875 0.7904449648711943 0.04315625000000001 0.2640749414519906
0 0.024757812500000004 0.6848360655737705 0.04951562500000001 0.1582903981264637
0 0.211125 0.604192037470726 0.012781250000000001 0.04332552693208431
0 0.10390625 0.7423887587822015 0.2078125 0.36065573770491804
