0 0.8805546875 0.6501903553299492 0.208890625 0.5865228426395939
0 0.7191328125 0.4920812182741116 0.063328125 0.379238578680203
0 0.2704609375 0.698489847715736 0.16185937500000003 0.5707868020304567
0 0.1895234375 0.6775380710659897 0.146640625 0.608984771573604
0 0.080734375 0.5341751269035533 0.03709375 0.1845431472081218
0 0.11536718750000002 0.5447842639593908 0.040453125000000006 0.22413705583756344
0 0.35714062500000004 0.5301269035532995 0.039718750000000004 0.18512690355329947
0 0.44608593750000003 0.5124238578680202 0.062828125 0.20408629441624362
0 0.7787734375 0.39705583756345175 0.072203125 0.15106598984771574
0 0.3968125 0.5206598984771573 0.047593750000000004 0.2017766497461929
0 0.664859375 0.5682741116751269 0.06543750000000001 0.23598984771573603
0 0.9172578125000002 0.3391497461928934 0.022515625 0.060685279187817256
0 0.620953125 0.4016878172588832 0.034625 0.17322335025380708
0 0.50703125 0.4873096446700507 0.9828125000000001 0.36548223350253806
