0 0.170859375 0.8439389920424402 0.0191875 0.06771883289124668
0 0.1665390625 0.8889124668435013 0.024859375000000003 0.06641909814323607
0 0.1276640625 0.9638328912466844 0.023546875000000002 0.07169761273209549
0 0.7977734375000001 0.8554509283819628 0.018328125 0.0953050397877984
0 0.0586953125 0.9075994694960212 0.033203125 0.12204244031830237
0 0.086578125 0.9008355437665783 0.021531250000000002 0.1180106100795756
0 0.116515625 0.7802122015915118 0.02009375 0.07103448275862069
0 0.06328125 0.7286870026525198 0.011687500000000002 0.04448275862068965
0 0.133078125 0.736604774535809 0.008906250000000001 0.03251989389920424
0 0.079484375 0.8166710875331564 0.01684375 0.06267904509283818
0 0.07810937500000001 0.8859946949602121 0.01853125 0.10392572944297082
0 0.15771875000000002 0.9467374005305039 0.02746875 0.10578249336870027
0 0.058328125 0.8478779840848806 0.0220625 0.04944297082228117
0 0.50703125 0.8302387267904509 0.9515625000000001 0.3129973474801061
