3 0.49096093749999997 0.5089882352941176 0.638703125 0.9595294117647059
3 0.8302578125000001 0.3026588235294117 0.14745312500000002 0.3374588235294117
0 0.948015625 0.4009647058823529 0.10396875000000001 0.34531764705882345
0 0.06939843750000001 0.32696470588235294 0.135796875 0.6449411764705882
0 0.8738046875000001 0.15932941176470589 0.067828125 0.10689411764705882
0 0.5603671875 0.11007058823529411 0.069328125 0.2051764705882353
0 0.8137578125000001 0.12283529411764704 0.039859375 0.06769411764705882
0 0.955828125 0.31752941176470584 0.08834375 0.3423529411764706
0 0.6625703125000001 0.1614235294117647 0.041796875000000004 0.2516941176470588
0 0.18503906250000002 0.18145882352941176 0.107453125 0.3573176470588235
0 0.27173437500000003 0.2506705882352941 0.1086875 0.5013411764705882
0 0.6115234375 0.1482235294117647 0.08714062500000001 0.2484941176470588
0 0.9509921875 0.8105529411764706 0.098015625 0.37343529411764703
0 0.5733828125 0.22703529411764703 0.049828125 0.10912941176470588
0 0.48347656250000004 0.03921176470588235 0.081796875 0.0784235294117647
