1 0.84746875 0.6050278551532033 0.026625 0.039582172701949865
0 0.031765625 0.624359331476323 0.0130625 0.06253481894150417
0 0.05120312500000001 0.6226323119777158 0.01096875 0.05278551532033426
0 0.36003125 0.5992479108635097 0.009093750000000001 0.051030640668523676
0 0.4915546875000001 0.62008356545961 0.011890625000000002 0.04200557103064067
0 0.4701406250000001 0.6245961002785515 0.011250000000000001 0.0381058495821727
0 0.523265625 0.6269498607242341 0.01596875 0.04398328690807799
0 0.8462968750000001 0.585 0.0201875 0.06598885793871867
0 0.41646093749999996 0.6076044568245125 0.008484375 0.06523676880222842
0 0.29954687500000005 0.6207938718662952 0.00821875 0.03662952646239554
0 0.4592968750000001 0.6008356545961002 0.01165625 0.04913649025069638
0 0.9842031250000001 0.602116991643454 0.024125 0.07777158774373259
1 0.98115625 0.617075208913649 0.036875000000000005 0.038885793871866296
0 0.17748437500000003 0.6157799442896936 0.014687500000000001 0.027827298050139275
0 0.5853359375 0.6723955431754874 0.06420312500000001 0.19676880222841225
0 0.22812500000000002 0.6128133704735376 0.453125 0.10027855153203342
