0 0.603546875 0.11647887323943663 0.046375 0.1662910798122066
0 0.7770625 0.1381924882629108 0.07328125 0.2
0 0.094921875 0.0916549295774648 0.05612500000000001 0.14556338028169014
0 0.1802421875 0.5905281690140846 0.31870312500000003 0.818943661971831
0 0.145296875 0.6629460093896714 0.29059375 0.6741079812206573
0 0.28790625 0.07272300469483567 0.02384375 0.07699530516431924
0 0.9569453125000001 0.08348591549295774 0.035046875 0.07711267605633804
0 0.229359375 0.07231220657276996 0.0289375 0.09011737089201878
0 0.2974296875 0.13523474178403755 0.018171875 0.02211267605633803
0 0.289734375 0.10735915492957747 0.026500000000000003 0.07284037558685447
0 0.21505468750000004 0.13136150234741784 0.025453125 0.1547417840375587
0 0.1565546875 0.06233568075117371 0.029171875000000003 0.0977699530516432
0 0.8930937499999999 0.0775117370892019 0.02784375 0.07037558685446009
0 0.178125 0.1056338028169014 0.3125 0.2112676056338028
