0 0.447109375 0.4642916666666667 0.198375 0.282625
0 0.6783671875 0.6460729166666667 0.241015625 0.5910208333333333
0 0.44839062500000004 0.31435416666666666 0.0696875 0.12675
0 0.2778828125 0.3777708333333333 0.062328125000000005 0.16849999999999998
0 0.43540625 0.4310208333333333 0.099 0.21029166666666665
0 0.2320390625 0.601625 0.11204687499999999 0.5435833333333333
0 0.8703515625 0.53334375 0.10817187500000001 0.4231875
0 0.35565625 0.40184375 0.0773125 0.17322916666666668
0 0.32319531250000005 0.3801666666666667 0.089015625 0.15279166666666666
0 0.97328125 0.48362499999999997 0.05078125 0.187
0 0.5375390624999999 0.5273854166666667 0.18035937500000002 0.3501458333333333
