2 0.402375 0.9655625000000001 0.4920833333333333 0.06856250000000001
2 0.11180208333333334 0.9092890625000001 0.04152083333333333 0.026515625
2 0.056791666666666664 0.9233125000000002 0.06329166666666666 0.028375
0 0.5361979166666666 0.93346875 0.0391875 0.032125
2 0.28653125 0.9204296875000001 0.051604166666666666 0.025203125
0 0.4240833333333333 0.9161718750000001 0.029333333333333333 0.03325
2 0.2521875 0.9583203124999999 0.10879166666666666 0.047703125000000006
2 0.27360416666666665 0.9429375000000001 0.07608333333333334 0.041906250000000006
2 0.2440520833333333 0.8835000000000002 0.015395833333333333 0.01003125
2 0.16109374999999998 0.9028359375000001 0.034395833333333334 0.025359375000000003
2 0.20023958333333333 0.9065156250000002 0.026395833333333334 0.01553125
2 0.28834375 0.8734140625000001 0.013979166666666666 0.008640625
2 0.013572916666666665 0.9332578125 0.02714583333333333 0.032890625
2 0.09402083333333333 0.9187109375000001 0.040875 0.029796875
0 0.26360416666666664 0.907 0.01225 0.028375
1 0.47816666666666663 0.16591406250000001 0.09770833333333333 0.049359375000000004
