0 0.4014933333333333 0.62697 0.26965333333333336 0.6157400000000001
0 0.14038666666666666 0.47620000000000007 0.09912 0.07756
0 0.23074666666666666 0.4440700000000001 0.09839999999999999 0.1357
0 0.7591066666666667 0.38814 0.118 0.13224000000000002
0 0.06873333333333333 0.48336 0.06104 0.0674
0 0.5873333333333333 0.41325 0.08602666666666665 0.13254
0 0.8827866666666667 0.40438999999999997 0.08834666666666667 0.17726
0 0.8700533333333332 0.30011000000000004 0.03834666666666667 0.040380000000000006
0 0.29002666666666665 0.43687000000000004 0.0768 0.14014
0 0.9328 0.39012 0.0744 0.19876
0 0.9373199999999999 0.25630000000000003 0.06877333333333333 0.08144
