0 0.21101562499999998 0.5616875 0.36325 0.8365833333333333
0 0.536796875 0.37030208333333337 0.1985 0.39122916666666663
0 0.834046875 0.18528125 0.0770625 0.3139791666666667
0 0.1378515625 0.17510416666666667 0.114609375 0.3303333333333333
0 0.199078125 0.08260416666666666 0.03809375 0.124875
0 0.4848359375 0.08613541666666666 0.018234375 0.06864583333333334
0 0.5781328125 0.1110625 0.067421875 0.20512499999999997
0 0.6204609375000001 0.06111458333333333 0.033203125 0.04035416666666667
0 0.5416484375 0.1704270833333333 0.014171875 0.029520833333333333
0 0.6443359375000001 0.03828125 0.014171875 0.0504375
0 0.32540625000000006 0.16086458333333334 0.07115625 0.2236875
0 0.6619921875000001 0.05481250000000001 0.019171875 0.053125
0 0.61328125 0.159375 0.2234375 0.2895833333333333
