1 0.63374 0.8176241134751773 0.14192 0.2817021276595745
0 0.50481 0.694290780141844 0.11842 0.5678723404255318
0 0.23282999999999998 0.4522163120567376 0.1451 0.530886524822695
0 0.46407 0.4245035460992908 0.15074 0.4719148936170213
0 0.59789 0.545514184397163 0.0945 0.5075531914893616
0 0.80825 0.6242021276595745 0.07981999999999999 0.5172695035460992
0 0.21039 0.15730496453900708 0.08366 0.29212765957446807
0 0.07617 0.32214539007092197 0.12726 0.4990425531914893
0 0.33311 0.2529432624113475 0.09006 0.22021276595744682
0 0.73864 0.7525709219858155 0.06904 0.3123049645390071
0 0.74729 0.44971631205673757 0.08626 0.2931205673758865
0 0.77122 0.2422872340425532 0.0834 0.22294326241134751
1 0.45238 0.7886524822695036 0.10772 0.28787234042553195
0 0.9244000000000001 0.6524645390070922 0.09612000000000001 0.46187943262411346
0 0.95602 0.23898936170212765 0.05496 0.36606382978723406
0 0.609 0.22163120567375885 0.778 0.4432624113475177
