2 0.23732812500000003 0.714247311827957 0.0915625 0.07748387096774194
2 0.13707031249999999 0.7232795698924731 0.12757812500000001 0.09356989247311827
2 0.0388203125 0.7314516129032258 0.075078125 0.09843010752688172
2 0.6913281250000001 0.6753118279569892 0.04434375 0.035182795698924726
2 0.6725625000000001 0.6600430107526882 0.02003125 0.02167741935483871
0 0.8968671875 0.6802473118279571 0.018796875 0.07163440860215055
0 0.9057890625000001 0.693236559139785 0.023390625 0.059591397849462366
2 0.7521640625 0.6546129032258066 0.018984375 0.023032258064516132
4 0.712734375 0.6504623655913979 0.04706250000000001 0.05529032258064516
2 0.7883203125 0.6520537634408602 0.016984375 0.014344086021505376
0 0.1806171875 0.6780752688172041 0.013328125 0.0329247311827957
2 0.8012890625 0.6625806451612903 0.020671875000000003 0.018795698924731184
