3 0.5233125000000001 0.5305833333333333 0.6825937500000001 0.7640416666666667
0 0.5978125000000001 0.09523958333333334 0.12275000000000001 0.19047916666666667
0 0.9351015624999999 0.13048958333333335 0.030984374999999998 0.1251875
0 0.8194609374999999 0.11130208333333333 0.016171875 0.057979166666666665
0 0.7956640625 0.10819791666666667 0.011953125000000002 0.04577083333333333
3 0.6471875 0.27939583333333334 0.2460625 0.16854166666666667
0 0.9075781250000001 0.1365625 0.029375000000000002 0.13408333333333333
0 0.9820546875 0.14763541666666669 0.035890625 0.15452083333333333
0 0.7824609375 0.11580208333333333 0.009828125 0.050812500000000003
0 0.7493750000000001 0.11575 0.026125 0.0805
0 0.8829687500000001 0.10513541666666668 0.01171875 0.050895833333333335
0 0.854328125 0.10962500000000001 0.01128125 0.06166666666666667
0 0.759484375 0.11653124999999999 0.014812500000000001 0.048187499999999994
0 0.8659843749999999 0.11210416666666667 0.01659375 0.076625
2 0.9573750000000001 0.12030208333333332 0.047093750000000004 0.07464583333333333
0 0.87928125 0.12216666666666666 0.018718750000000003 0.06808333333333333
