6 0.498890625 0.504496487119438 0.71828125 0.8445901639344262
0 0.9415312499999999 0.8209133489461359 0.11693750000000001 0.15451990632318502
0 0.9294296875000001 0.7370374707259952 0.041359375000000004 0.18540983606557376
0 0.8746953125 0.7002341920374707 0.030859375 0.13475409836065574
0 0.9738125000000001 0.7148126463700235 0.03003125 0.12110070257611241
0 0.8576250000000001 0.7766276346604215 0.11225000000000002 0.1642622950819672
0 0.889296875 0.8185714285714286 0.07465625000000001 0.15072599531615924
0 0.1479140625 0.7873302107728337 0.030390625 0.06641686182669788
0 0.10103125 0.7459484777517565 0.025750000000000002 0.14192037470725996
0 0.1267265625 0.7491803278688526 0.027828125 0.1424824355971897
0 0.9221406249999999 0.8454566744730679 0.03628125 0.10056206088992974
0 0.7755312500000001 0.784871194379391 0.01715625 0.13053864168618268
0 0.8034687500000001 0.7782669789227166 0.03215625 0.12407494145199062
0 0.14477343750000002 0.7310304449648712 0.021484375 0.0677751756440281
0 0.2921875 0.6182669789227166 0.58125 0.39344262295081966
