0 0.45360937500000004 0.1554100529100529 0.05853125000000001 0.12838624338624338
0 0.63053125 0.7668915343915343 0.14365625 0.27928571428571425
0 0.7610546875000002 0.7673677248677249 0.134671875 0.3265343915343915
0 0.49646875 0.1381084656084656 0.0875625 0.2418253968253968
0 0.432328125 0.6914417989417989 0.17028125000000002 0.4234126984126984
0 0.5896640625 0.1516005291005291 0.09689062500000001 0.23224867724867726
0 0.6866640625 0.15951058201058202 0.065296875 0.22203703703703703
0 0.8054062500000001 0.19667989417989418 0.09278125000000001 0.26224867724867723
0 0.8631015625 0.20226190476190475 0.057609375 0.2454232804232804
0 0.3596796875 0.13820105820105819 0.066359375 0.1191005291005291
0 0.32107812500000005 0.09239417989417988 0.08775 0.18478835978835975
0 0.967203125 0.14174603174603173 0.04290625000000001 0.08894179894179893
0 0.1950703125 0.10742063492063493 0.040203125000000006 0.15484126984126984
0 0.49531250000000004 0.1693121693121693 0.9875 0.31746031746031744
