0 0.11291406250000001 0.6632476635514019 0.029265625000000003 0.042943925233644854
0 0.22190624999999997 0.6439485981308412 0.025343749999999998 0.03532710280373831
0 0.580359375 0.7332827102803737 0.02490625 0.0333411214953271
0 0.5987656250000001 0.7314018691588785 0.024125 0.03387850467289719
0 0.1545859375 0.5348481308411215 0.008421875 0.018901869158878502
0 0.54925 0.4466939252336448 0.013500000000000002 0.028761682242990652
0 0.5374375 0.5208878504672897 0.01503125 0.026962616822429904
0 0.5575703125000001 0.44639018691588783 0.008890625000000001 0.030630841121495323
0 0.47723437500000004 0.5205140186915888 0.01046875 0.016401869158878504
0 0.3551328125 0.6048481308411214 0.026359375000000004 0.040911214953271026
