0 0.18918750000000004 0.7855386416861826 0.04265625000000001 0.16175644028103042
0 0.5733281250000001 0.6824121779859484 0.02759375 0.0755503512880562
0 0.25215625 0.779496487119438 0.05371875000000001 0.17824355971896955
0 0.22064843750000002 0.7873770491803278 0.049734375 0.17475409836065575
0 0.5957109375 0.7154215456674473 0.021609375 0.0875175644028103
0 0.6202500000000001 0.7006440281030445 0.0245625 0.07220140515222483
0 0.8340390625 0.6784660421545667 0.007515625 0.03543325526932085
0 0.8455 0.6781498829039813 0.0084375 0.03484777517564403
0 0.0253671875 0.7038641686182668 0.009890625 0.06421545667447308
0 0.0063593750000000004 0.7107845433255269 0.01025 0.05182669789227166
0 0.9952812500000001 0.6904918032786886 0.008125 0.014004683840749415
