0 0.7550546875 0.6415729166666666 0.141578125 0.5326041666666667
0 0.8291796874999999 0.6459791666666667 0.09589062500000001 0.44487499999999996
0 0.7555468750000001 0.3547083333333333 0.05621875 0.23183333333333334
0 0.6376718750000001 0.40203125000000006 0.09965625 0.3468541666666667
0 0.3852265625 0.6504270833333334 0.15360937500000002 0.5279791666666667
0 0.34528125 0.35873958333333333 0.07765625000000001 0.29672916666666665
0 0.24353906250000001 0.5221458333333333 0.14970312500000002 0.6917083333333333
0 0.1457421875 0.5089895833333333 0.10204687500000001 0.48464583333333333
0 0.064703125 0.4645 0.1279375 0.27058333333333334
0 0.539328125 0.4 0.12809375 0.29212499999999997
0 0.17548437500000003 0.2578020833333333 0.13096875 0.16652083333333334
0 0.9735390625000001 0.33580208333333333 0.021390625 0.09581250000000001
0 0.8340078125 0.38278125 0.109015625 0.29660416666666667
