1 0.18853125 0.8172408293460924 0.13396875 0.16771929824561402
2 0.935921875 0.7403907496012758 0.12815625 0.1601116427432217
0 0.8299843750000001 0.7269696969696969 0.0484375 0.14606060606060606
0 0.7448671875 0.7263875598086125 0.034765625 0.12910685805422648
0 0.6289843749999999 0.7273125996810207 0.035625000000000004 0.10990430622009568
0 0.5180234375 0.6572807017543859 0.029421875 0.06486443381180224
0 0.45556250000000004 0.6482695374800638 0.035812500000000004 0.07858054226475279
6 0.6802734375 0.708987240829346 0.281796875 0.14157894736842105
0 0.51853125 0.6102870813397129 0.03415625 0.06417862838915471
0 0.795921875 0.678237639553429 0.015093750000000001 0.010829346092503987
1 0.3049921875 0.8148564593301436 0.092421875 0.12263157894736842
0 0.49653906249999996 0.7141547049441787 0.045796875 0.10259968102073365
