0 0.466328125 0.5788958333333334 0.16653125000000002 0.4049583333333333
0 0.6121093750000001 0.5159479166666667 0.151125 0.3501875
0 0.7845546875 0.33414583333333336 0.058984375000000006 0.14833333333333334
0 0.8506328125 0.3124583333333333 0.065640625 0.208625
0 0.9383281250000002 0.3203645833333333 0.05840625000000001 0.18868749999999998
0 0.987703125 0.3173958333333333 0.02459375 0.19424999999999998
0 0.45437500000000003 0.30995833333333334 0.08265625 0.2405
0 0.9667343750000001 0.38518749999999996 0.05996875000000001 0.07241666666666666
0 0.6704062500000001 0.3481041666666666 0.007718750000000001 0.024791666666666667
0 0.592203125 0.35578124999999994 0.043812500000000004 0.056812499999999995
0 0.7306796875 0.37174999999999997 0.0024218750000000004 0.008041666666666666
0 0.336640625 0.4784583333333333 0.236 0.5787916666666666
