0 0.5569609375 0.7706279620853083 0.09626562500000001 0.3253791469194313
0 0.8643593749999999 0.7728199052132702 0.036 0.10919431279620853
0 0.939640625 0.770154028436019 0.025812500000000002 0.08855450236966825
0 0.41395312500000003 0.6715165876777252 0.07096875000000001 0.41928909952606636
0 0.6638046875000001 0.7753909952606635 0.047203125000000005 0.14988151658767773
0 0.2726171875 0.775308056872038 0.027234375 0.07587677725118484
0 0.2491640625 0.7684715639810428 0.013203125 0.07874407582938389
0 0.062468749999999997 0.7736137440758294 0.01609375 0.07912322274881517
0 0.7307734375 0.7122511848341233 0.008328125 0.0218957345971564
0 0.9877578125000002 0.7756635071090048 0.024484375000000003 0.26042654028436024
0 0.5995546875 0.7549526066350711 0.015421875 0.04530805687203792
0 0.7125234375 0.7335189573459716 0.011984375 0.04120853080568721
0 0.52734375 0.7713270142180095 0.6703125000000001 0.20142180094786732
