6 0.40543750000000006 0.4174415887850467 0.6941875 0.5212383177570094
0 0.075796875 0.4816238317757009 0.05709375 0.2045093457943925
0 0.0415078125 0.43067757009345786 0.026765625 0.04841121495327102
0 0.02715625 0.45767523364485974 0.051625000000000004 0.0783411214953271
0 0.1354453125 0.46725467289719624 0.023078125 0.1430607476635514
0 0.204890625 0.4724532710280373 0.02334375 0.19542056074766354
0 0.10907812500000001 0.48176401869158875 0.04628125 0.19100467289719625
0 0.258984375 0.44941588785046727 0.03609375 0.17686915887850466
0 0.1794765625 0.47103971962616825 0.038140625000000004 0.22221962616822427
6 0.8888281250000001 0.44860981308411213 0.22234375000000003 0.22642523364485978
0 0.2214921875 0.45453271028037384 0.06007812500000001 0.2080373831775701
0 0.1571875 0.3762032710280374 0.00728125 0.008855140186915886
0 0.1579375 0.48667056074766346 0.044812500000000005 0.21539719626168222
