0 0.228375 0.23932291666666666 0.251125 0.37527083333333333
0 0.3797265625 0.22310416666666666 0.13589062500000001 0.35254166666666664
0 0.6542187500000001 0.18105208333333334 0.05440625 0.13747916666666665
0 0.5966953125 0.2513229166666666 0.131859375 0.29022916666666665
0 0.8939296875 0.30303125 0.095296875 0.2749375
0 0.9462187500000001 0.31314583333333335 0.09746875 0.2663333333333333
0 0.07109375 0.22008333333333333 0.14121875 0.43654166666666666
0 0.4584296875 0.22696874999999997 0.11798437500000002 0.3415625
0 0.17893750000000003 0.10242708333333334 0.09050000000000001 0.19102083333333333
0 0.42567187500000003 0.052281249999999994 0.052125000000000005 0.06447916666666667
