0 0.42017968749999995 0.5753854166666666 0.11785937500000002 0.42993750000000003
0 0.5101796875 0.5422708333333334 0.051015625 0.25879166666666664
0 0.5695546875 0.53753125 0.080015625 0.2937708333333333
0 0.6610078125000001 0.53746875 0.061515625 0.2961875
0 0.752171875 0.5588541666666667 0.10490625 0.38366666666666666
0 0.8842812499999999 0.5180416666666666 0.0886875 0.33879166666666666
0 0.9323046875000002 0.6932604166666666 0.13539062500000001 0.5865208333333333
0 0.35719531250000003 0.5197395833333334 0.05901562500000001 0.2619375
0 0.23497656249999999 0.49976041666666665 0.061671875 0.18435416666666665
0 0.4839140625 0.5006875000000001 0.047265625000000006 0.253375
0 0.828796875 0.55053125 0.06728125 0.3639791666666667
0 0.1877109375 0.48204166666666665 0.051296875 0.20391666666666666
0 0.6951796875 0.516625 0.046859375 0.2654166666666667
0 0.5 0.578125 0.9968750000000001 0.8395833333333333
