0 0.1221484375 0.7097738095238096 0.04510937500000001 0.1330714285714286
0 0.33135156250000003 0.7148690476190477 0.035484375000000005 0.10730952380952381
0 0.40271875 0.7165476190476191 0.0343125 0.11195238095238097
0 0.4681171875 0.7224166666666668 0.026265625 0.09164285714285715
0 0.5225156249999999 0.7182619047619049 0.028375 0.09661904761904762
0 0.24480468749999998 0.7078690476190477 0.047203125000000005 0.12583333333333335
0 0.5745546875 0.716904761904762 0.028046875 0.082
0 0.6616015625 0.7182380952380953 0.020015625000000002 0.0759047619047619
0 0.802359375 0.7092857142857143 0.0188125 0.06738095238095239
0 0.8361796875 0.7126428571428572 0.016703125 0.055047619047619054
0 0.6278203125 0.7185000000000001 0.029046875 0.07933333333333334
0 0.7015234375 0.7148214285714287 0.021921875 0.07221428571428572
0 0.7349296875000001 0.7168690476190477 0.021890625 0.06697619047619048
0 0.81640625 0.7107142857142857 0.1265625 0.06904761904761905
