0 0.8620312499999999 0.6623567708333333 0.0656875 0.31783854166666664
0 0.6527890625000001 0.6160416666666666 0.028484375000000003 0.19369791666666664
0 0.6168593750000001 0.6202213541666666 0.0471875 0.23372395833333331
0 0.7625234375000001 0.5841015624999999 0.025296875000000003 0.12815104166666666
0 0.738609375 0.5459765624999999 0.0203125 0.07148437499999999
0 0.7819687500000001 0.594765625 0.02396875 0.14671875
0 0.846265625 0.6203124999999999 0.043312500000000004 0.25494791666666666
0 0.6978593750000001 0.6170442708333332 0.047468750000000004 0.19929687499999998
0 0.5768671875 0.5966796875 0.039296875 0.19372395833333333
0 0.9520781250000001 0.5964192708333333 0.02809375 0.15986979166666665
0 0.6448125 0.6158723958333333 0.042625 0.225859375
0 0.8077500000000001 0.5455598958333333 0.02309375 0.07106770833333333
0 0.8201328125 0.585078125 0.019390625 0.13390625
0 0.76484375 0.63671875 0.46718750000000003 0.3723958333333333
