0 0.13988281249999998 0.57528125 0.239328125 0.3640625
0 0.559203125 0.5507708333333333 0.26659375 0.46925
0 0.3484453125 0.5981875 0.24354687500000002 0.2915
0 0.45505468750000005 0.32359374999999996 0.053921875 0.10785416666666667
0 0.64009375 0.10777083333333334 0.08896875 0.12158333333333333
0 0.7200937500000001 0.115 0.06534375 0.099375
0 0.5519999999999999 0.10351041666666667 0.08484375 0.13072916666666667
0 0.475796875 0.09434375 0.08053125 0.14989583333333334
0 0.26915625 0.32010416666666663 0.0876875 0.09991666666666667
0 0.14461718750000002 0.3295625 0.098546875 0.09391666666666666
0 0.40232031250000005 0.09198958333333333 0.068328125 0.1581875
0 0.5170625000000001 0.05326041666666667 0.07315625 0.10652083333333334
0 0.21209375000000003 0.11434375000000001 0.08190625000000001 0.1211875
0 0.35000000000000003 0.09895833333333333 0.696875 0.19791666666666666
