0 0.448765625 0.47379707112970704 0.03084375 0.07809623430962342
0 0.735125 0.8191004184100419 0.1040625 0.31686192468619245
0 0.8943750000000001 0.44611924686192467 0.0486875 0.12131799163179915
0 0.538546875 0.8417887029288702 0.18775 0.3164225941422594
0 0.8463593750000001 0.44060669456066937 0.03615625 0.11615062761506276
0 0.7949375000000001 0.43721757322175725 0.022093750000000002 0.08790794979079498
0 0.8282421875000001 0.43628661087866105 0.024203125000000002 0.1152092050209205
0 0.415546875 0.4592259414225941 0.02665625 0.06380753138075314
0 0.3190703125 0.47092050209205016 0.027953125000000002 0.05108786610878661
0 0.5253125000000001 0.4546757322175732 0.029593750000000002 0.07010460251046025
0 0.37854687500000006 0.45842050209205015 0.022531250000000003 0.0658786610878661
0 0.360796875 0.4601987447698745 0.0230625 0.07265690376569037
0 0.49921875000000004 0.4497907949790795 0.026562500000000003 0.06276150627615062
