0 0.16311718750000004 0.5674233128834357 0.23695312500000001 0.6449488752556237
0 0.32838281250000007 0.568558282208589 0.190484375 0.6138445807770962
0 0.6751953125000001 0.567116564417178 0.20057812500000002 0.6112065439672802
0 0.8180859375000001 0.5327300613496933 0.18504687500000003 0.5878732106339469
0 0.885984375 0.3658895705521473 0.138625 0.45779141104294485
0 0.7211328125 0.2775255623721881 0.109890625 0.2044989775051125
0 0.5721796875 0.2797546012269939 0.112359375 0.2354192229038855
0 0.4310390625 0.2952556237218814 0.07932812500000001 0.2165235173824131
0 0.3132890625 0.283640081799591 0.15795312500000003 0.24061349693251535
0 0.229515625 0.24484662576687116 0.10200000000000001 0.25022494887525565
0 0.782640625 0.1900204498977505 0.10887500000000001 0.17987730061349694
0 0.515625 0.18929447852760736 0.10131250000000001 0.2347034764826176
0 0.6546328125 0.1970961145194274 0.082421875 0.1986503067484663
0 0.31953125000000004 0.48057259713701433 0.5609375 0.7934560327198364
