1 0.5113671875000001 0.6587704918032787 0.063453125 0.2149648711943794
0 0.31260156250000004 0.6550585480093676 0.106453125 0.39775175644028105
0 0.5240390625 0.5787587822014051 0.082578125 0.32955503512880563
0 0.021078125000000003 0.5567213114754098 0.042156250000000006 0.11836065573770492
0 0.572296875 0.42852459016393446 0.017 0.06463700234192038
0 0.5831796875 0.39326697892271667 0.013265625000000001 0.058618266978922716
0 0.6138750000000001 0.40211943793911004 0.01421875 0.057681498829039814
0 0.48032031250000007 0.46147540983606555 0.018515625 0.031943793911007025
0 0.599265625 0.41262295081967215 0.0080625 0.03250585480093677
0 0.624703125 0.4128805620608899 0.01446875 0.04159250585480094
0 0.56221875 0.35679156908665105 0.0139375 0.05466042154566745
0 0.49335937500000004 0.44622950819672136 0.015593750000000002 0.05058548009367682
0 0.4654375 0.4810304449648712 0.016625 0.06477751756440281
0 0.40377343750000005 0.6441569086651054 0.100515625 0.4415690866510539
0 0.4 0.3992974238875878 0.40625 0.18501170960187355
