0 0.3333 0.46211195928753185 0.09179999999999999 0.1267175572519084
0 0.80988 0.5782951653944021 0.07744 0.278676844783715
0 0.12653 0.4462213740458016 0.04186 0.07885496183206107
0 0.05326 0.6702544529262088 0.10188 0.14732824427480917
0 0.8475600000000001 0.569058524173028 0.059680000000000004 0.3017302798982188
0 0.9593800000000001 0.531234096692112 0.04388 0.28195928753180666
0 0.22278 0.5593638676844783 0.055880000000000006 0.29933842239185754
0 0.7470899999999999 0.6262468193384224 0.10506 0.16089058524173028
0 0.69372 0.5099491094147584 0.08264 0.14356234096692114
0 0.024550000000000002 0.47076335877862596 0.049100000000000005 0.21048346055979644
0 0.41448 0.4839949109414759 0.06272 0.10442748091603055
0 0.11958 0.5083842239185751 0.23916 0.2365139949109415
