0 0.428046875 0.6696604215456674 0.31934375000000004 0.5662997658079625
0 0.7503984375 0.7404449648711943 0.24139062500000003 0.38875878220140514
0 0.8983906250000001 0.7180679156908665 0.20321875 0.48700234192037467
0 0.6322265625000001 0.30259953161592507 0.096328125 0.32098360655737707
0 0.7850625 0.3086768149882904 0.0955 0.3518735362997658
0 0.46393750000000006 0.2864285714285714 0.09453125000000001 0.3323887587822014
0 0.0494765625 0.32921545667447305 0.095953125 0.17754098360655737
0 0.8935234375000001 0.37600702576112416 0.12423437500000001 0.27084309133489465
0 0.2856796875 0.2938992974238876 0.10514062500000002 0.30466042154566747
0 0.1133515625 0.29769320843091335 0.035453125 0.10615925058548009
0 0.1318515625 0.3406791569086651 0.069140625 0.17227166276346606
