0 0.25151960784313726 0.40933823529411767 0.19372549019607843 0.31514705882352945
0 0.2788235294117647 0.3411683006535948 0.1561764705882353 0.2548529411764706
0 0.4096732026143791 0.26858660130718953 0.1304575163398693 0.15485294117647058
0 0.5696813725490196 0.23164215686274509 0.11563725490196078 0.21475490196078434
0 0.7124428104575163 0.26762254901960786 0.18468954248366015 0.24184640522875817
0 0.8730310457516341 0.5629248366013072 0.24044117647058824 0.3258496732026144
0 0.846544117647059 0.4445261437908497 0.1778267973856209 0.2484640522875817
0 0.1097140522875817 0.7578186274509804 0.2194281045751634 0.4843627450980392
0 0.1561846405228758 0.6433006535947713 0.3123692810457516 0.5604248366013073
0 0.576952614379085 0.12218137254901962 0.19962418300653595 0.24436274509803924
0 0.808218954248366 0.3944362745098039 0.19522875816993465 0.3061274509803922
0 0.46179738562091505 0.8707843137254904 0.24493464052287583 0.23594771241830068
0 0.0714297385620915 0.19350490196078432 0.13766339869281047 0.38700980392156864
0 0.6127450980392157 0.2058823529411765 0.7647058823529412 0.411764705882353
