0 0.4563359375 0.7093676814988291 0.250015625 0.5575644028103045
0 0.7397421875000001 0.6973185011709602 0.258796875 0.5784777517564402
0 0.8294296875000001 0.5518149882903981 0.101640625 0.2934192037470726
0 0.1814765625 0.6484192037470726 0.221390625 0.5237236533957845
0 0.2867890625 0.4422950819672131 0.138515625 0.24318501170960188
0 0.9890546875 0.4715690866510539 0.020859375 0.13241217798594848
0 0.586515625 0.42457845433255265 0.077625 0.15576112412177986
6 0.50003125 0.3521662763466042 0.044000000000000004 0.05065573770491803
2 0.500015625 0.352576112412178 0.04390625000000001 0.049742388758782195
0 0.6825625000000001 0.4413934426229508 0.081375 0.17552693208430914
0 0.41625 0.40729508196721315 0.13803125000000002 0.19107728337236535
2 0.8209453125 0.3726932084309133 0.136578125 0.036908665105386415
