0 0.1691484375 0.7741979166666667 0.063234375 0.2126875
0 0.264578125 0.78096875 0.06528125 0.18389583333333331
0 0.16078125000000001 0.8972083333333334 0.09228125000000001 0.16120833333333331
6 0.11003125000000001 0.6969270833333333 0.22006250000000002 0.1683125
0 0.1250078125 0.93290625 0.06398437500000001 0.09243749999999999
0 0.0739765625 0.84553125 0.075609375 0.3083958333333333
6 0.30555468750000003 0.6934895833333333 0.13207812500000002 0.06922916666666666
6 0.39796875 0.69146875 0.04653125 0.05235416666666667
6 0.31636718750000004 0.70784375 0.035984375000000006 0.04539583333333333
0 0.5741015625 0.7266666666666667 0.025859375000000004 0.06341666666666666
0 0.6632578125 0.72203125 0.026203125 0.04464583333333333
0 0.991046875 0.7393229166666666 0.017906250000000002 0.08039583333333333
0 0.6210078125 0.7326874999999999 0.013890625000000002 0.058625000000000003
0 0.3785234375 0.7955208333333333 0.045421875 0.16449999999999998
0 0.41695312500000004 0.7141562499999999 0.011875 0.0279375
0 0.637890625 0.7199895833333334 0.02034375 0.03897916666666667
