0 0.323546875 0.2997647058823529 0.055875 0.15552941176470586
0 0.26711718749999996 0.5415764705882353 0.119390625 0.5528
0 0.38128125 0.5573058823529412 0.1328125 0.5842588235294117
0 0.2907265625 0.26343529411764705 0.054015625000000005 0.12367058823529412
0 0.8304453125000001 0.5280941176470588 0.15370312500000002 0.6472
0 0.520546875 0.5194823529411764 0.134375 0.6029176470588234
0 0.631234375 0.5471999999999999 0.0985 0.573035294117647
0 0.6842109375000001 0.4998823529411764 0.08010937500000001 0.5660705882352941
0 0.7369609375 0.5306470588235294 0.154546875 0.666564705882353
0 0.044312500000000005 0.35254117647058825 0.04959375 0.1912941176470588
0 0.43825781250000007 0.5004117647058823 0.09210937500000001 0.5749411764705882
0 0.20667968750000001 0.4831411764705882 0.079078125 0.5393176470588235
0 0.5797265625 0.29996470588235286 0.042421875 0.19658823529411762
0 0.36250000000000004 0.2752941176470588 0.6000000000000001 0.07058823529411765
